DriverNumber,LapNumber,Compound,TyreLife,AirTemp,Humidity,Pressure,Rainfall,TrackTemp,WindDirection,WindSpeed,Time,RPM,Speed,nGear,Throttle,Brake,DRS,Distance,X,Y,Z,Year,Event
23,47,MEDIUM,25.0,22.5,70.0,1003.2,False,29.0,158,0.8,00:00.000,11395,274,7,82,False,12,0.018,-7672.0,-6485.0,501.0,2022,Monaco Grand Prix
23,47,MEDIUM,25.0,22.5,70.0,1003.2,False,29.0,158,0.8,00:00.035,11354,274,7,65,False,8,2.664,-7674.0,-6456.0,502.0,2022,Monaco Grand Prix
23,47,MEDIUM,25.0,22.5,70.0,1003.2,False,29.0,158,0.8,00:00.113,11222,272,7,32,False,8,8.533,-7676.0,-6387.0,503.0,2022,Monaco Grand Prix
23,47,MEDIUM,25.0,22.5,70.0,1003.2,False,29.0,158,0.8,00:00.235,11091,270,7,0,False,8,17.664,-7676.0,-6272.0,503.0,2022,Monaco Grand Prix
23,47,MEDIUM,25.0,22.5,70.0,1003.2,False,29.0,158,0.8,00:00.475,10906,267,7,0,True,0,35.464,-7672.0,-6059.0,503.0,2022,Monaco Grand Prix
23,47,MEDIUM,25.0,22.5,70.0,1003.2,False,29.0,158,0.8,00:00.493,10646,260,7,0,True,0,36.767,-7672.0,-6047.0,503.0,2022,Monaco Grand Prix
23,47,MEDIUM,25.0,22.5,70.0,1003.2,False,29.0,158,0.8,00:00.755,10386,253,7,0,True,0,55.142,-7663.0,-5923.0,503.0,2022,Monaco Grand Prix
23,47,MEDIUM,25.0,22.5,70.0,1003.2,False,29.0,158,0.8,00:00.813,10154,247,7,0,True,0,59.078,-7661.0,-5893.0,503.0,2022,Monaco Grand Prix
23,47,MEDIUM,25.0,22.5,70.0,1003.2,False,29.0,158,0.8,00:01.013,9922,241,7,0,True,0,72.24,-7650.0,-5765.0,503.0,2022,Monaco Grand Prix
23,47,MEDIUM,25.0,22.5,70.0,1003.2,False,29.0,158,0.8,00:01.075,9690,236,7,0,True,0,76.119,-7645.0,-5724.0,503.0,2022,Monaco Grand Prix
23,47,MEDIUM,25.0,22.5,70.0,1003.2,False,29.0,158,0.8,00:01.213,9310,221,7,0,True,0,84.374,-7634.0,-5636.0,505.0,2022,Monaco Grand Prix
23,47,MEDIUM,25.0,22.5,70.0,1003.2,False,29.0,158,0.8,00:01.395,8930,207,7,0,True,0,94.519,-7617.0,-5522.0,512.0,2022,Monaco Grand Prix
23,47,MEDIUM,25.0,22.5,70.0,1003.2,False,29.0,158,0.8,00:01.413,9233,195,7,0,True,0,95.482,-7616.0,-5511.0,513.0,2022,Monaco Grand Prix
23,47,MEDIUM,25.0,22.5,70.0,1003.2,False,29.0,158,0.8,00:01.755,9536,184,7,0,True,0,112.919,-7575.0,-5304.0,519.0,2022,Monaco Grand Prix
23,47,MEDIUM,25.0,22.5,70.0,1003.2,False,29.0,158,0.8,00:01.773,9245,184,7,0,True,0,113.852,-7574.0,-5296.0,520.0,2022,Monaco Grand Prix
23,47,MEDIUM,25.0,22.5,70.0,1003.2,False,29.0,158,0.8,00:01.955,8954,184,5,0,True,0,123.142,-7557.0,-5221.0,519.0,2022,Monaco Grand Prix
23,47,MEDIUM,25.0,22.5,70.0,1003.2,False,29.0,158,0.8,00:02.093,9507,167,5,0,True,0,129.093,-7545.0,-5172.0,520.0,2022,Monaco Grand Prix
23,47,MEDIUM,25.0,22.5,70.0,1003.2,False,29.0,158,0.8,00:02.195,10061,151,5,0,True,0,133.208,-7535.0,-5133.0,520.0,2022,Monaco Grand Prix
23,47,MEDIUM,25.0,22.5,70.0,1003.2,False,29.0,158,0.8,00:02.292,9501,148,5,0,True,0,137.151,-7525.0,-5095.0,522.0,2022,Monaco Grand Prix
23,47,MEDIUM,25.0,22.5,70.0,1003.2,False,29.0,158,0.8,00:02.355,8941,145,4,0,True,0,139.653,-7517.0,-5068.0,522.0,2022,Monaco Grand Prix
23,47,MEDIUM,25.0,22.5,70.0,1003.2,False,29.0,158,0.8,00:02.612,8871,137,4,0,True,0,148.98,-7486.0,-4959.0,527.0,2022,Monaco Grand Prix
23,47,MEDIUM,25.0,22.5,70.0,1003.2,False,29.0,158,0.8,00:02.674,8802,129,3,0,True,0,151.084,-7479.0,-4936.0,527.0,2022,Monaco Grand Prix
23,47,MEDIUM,25.0,22.5,70.0,1003.2,False,29.0,158,0.8,00:02.994,7803,115,3,0,True,0,161.306,-7447.0,-4843.0,532.0,2022,Monaco Grand Prix
23,47,MEDIUM,25.0,22.5,70.0,1003.2,False,29.0,158,0.8,00:03.052,7549,111,3,0,True,0,163.076,-7441.0,-4828.0,533.0,2022,Monaco Grand Prix
23,47,MEDIUM,25.0,22.5,70.0,1003.2,False,29.0,158,0.8,00:03.194,7295,108,3,0,True,0,167.306,-7424.0,-4791.0,533.0,2022,Monaco Grand Prix
23,47,MEDIUM,25.0,22.5,70.0,1003.2,False,29.0,158,0.8,00:03.354,7194,103,3,0,True,0,171.884,-7405.0,-4753.0,534.0,2022,Monaco Grand Prix
23,47,MEDIUM,25.0,22.5,70.0,1003.2,False,29.0,158,0.8,00:03.392,6979,101,3,0,True,0,172.957,-7401.0,-4745.0,535.0,2022,Monaco Grand Prix
23,47,MEDIUM,25.0,22.5,70.0,1003.2,False,29.0,158,0.8,00:03.634,6764,100,3,0,True,0,179.661,-7364.0,-4698.0,536.0,2022,Monaco Grand Prix
23,47,MEDIUM,25.0,22.5,70.0,1003.2,False,29.0,158,0.8,00:03.672,6781,97,3,1,True,0,180.676,-7354.0,-4691.0,537.0,2022,Monaco Grand Prix
23,47,MEDIUM,25.0,22.5,70.0,1003.2,False,29.0,158,0.8,00:03.893,6798,95,3,2,True,0,186.379,-7276.0,-4649.0,538.0,2022,Monaco Grand Prix
23,47,MEDIUM,25.0,22.5,70.0,1003.2,False,29.0,158,0.8,00:03.994,6815,93,3,3,False,0,188.961,-7259.0,-4641.0,538.0,2022,Monaco Grand Prix
23,47,MEDIUM,25.0,22.5,70.0,1003.2,False,29.0,158,0.8,00:04.133,6821,93,3,9,False,0,192.532,-7246.0,-4638.0,539.0,2022,Monaco Grand Prix
23,47,MEDIUM,25.0,22.5,70.0,1003.2,False,29.0,158,0.8,00:04.274,6827,93,3,15,False,0,196.195,-7216.0,-4629.0,540.0,2022,Monaco Grand Prix
23,47,MEDIUM,25.0,22.5,70.0,1003.2,False,29.0,158,0.8,00:04.393,6968,94,3,25,False,0,199.333,-7179.0,-4621.0,543.0,2022,Monaco Grand Prix
23,47,MEDIUM,25.0,22.5,70.0,1003.2,False,29.0,158,0.8,00:04.514,7109,95,3,35,False,0,202.528,-7127.0,-4611.0,545.0,2022,Monaco Grand Prix
23,47,MEDIUM,25.0,22.5,70.0,1003.2,False,29.0,158,0.8,00:04.633,7191,95,3,43,False,0,205.647,-7078.0,-4604.0,547.0,2022,Monaco Grand Prix
23,47,MEDIUM,25.0,22.5,70.0,1003.2,False,29.0,158,0.8,00:04.674,7273,95,3,52,False,0,206.75,-7064.0,-4601.0,547.0,2022,Monaco Grand Prix
23,47,MEDIUM,25.0,22.5,70.0,1003.2,False,29.0,158,0.8,00:04.874,7644,103,3,69,False,0,212.472,-7025.0,-4597.0,549.0,2022,Monaco Grand Prix
23,47,MEDIUM,25.0,22.5,70.0,1003.2,False,29.0,158,0.8,00:05.035,8064,110,3,69,False,0,217.392,-6997.0,-4594.0,551.0,2022,Monaco Grand Prix
23,47,MEDIUM,25.0,22.5,70.0,1003.2,False,29.0,158,0.8,00:05.073,8254,111,3,72,False,0,218.572,-6989.0,-4594.0,552.0,2022,Monaco Grand Prix
23,47,MEDIUM,25.0,22.5,70.0,1003.2,False,29.0,158,0.8,00:05.233,8445,112,3,75,False,0,223.621,-6943.0,-4590.0,555.0,2022,Monaco Grand Prix
23,47,MEDIUM,25.0,22.5,70.0,1003.2,False,29.0,158,0.8,00:05.275,8636,114,3,79,False,0,224.992,-6929.0,-4588.0,555.0,2022,Monaco Grand Prix
23,47,MEDIUM,25.0,22.5,70.0,1003.2,False,29.0,158,0.8,00:05.493,9126,119,3,83,False,0,232.513,-6860.0,-4583.0,562.0,2022,Monaco Grand Prix
23,47,MEDIUM,25.0,22.5,70.0,1003.2,False,29.0,158,0.8,00:05.515,9616,125,3,88,False,0,233.325,-6853.0,-4582.0,562.0,2022,Monaco Grand Prix
23,47,MEDIUM,25.0,22.5,70.0,1003.2,False,29.0,158,0.8,00:05.713,10158,134,3,94,False,0,241.102,-6788.0,-4577.0,568.0,2022,Monaco Grand Prix
23,47,MEDIUM,25.0,22.5,70.0,1003.2,False,29.0,158,0.8,00:05.795,10701,143,3,100,False,0,244.448,-6753.0,-4573.0,571.0,2022,Monaco Grand Prix
23,47,MEDIUM,25.0,22.5,70.0,1003.2,False,29.0,158,0.8,00:05.893,10643,146,3,100,False,0,248.484,-6709.0,-4569.0,575.0,2022,Monaco Grand Prix
23,47,MEDIUM,25.0,22.5,70.0,1003.2,False,29.0,158,0.8,00:06.035,10585,150,3,100,False,0,254.448,-6650.0,-4562.0,580.0,2022,Monaco Grand Prix
23,47,MEDIUM,25.0,22.5,70.0,1003.2,False,29.0,158,0.8,00:06.093,10564,152,3,100,False,0,256.941,-6626.0,-4560.0,582.0,2022,Monaco Grand Prix
23,47,MEDIUM,25.0,22.5,70.0,1003.2,False,29.0,158,0.8,00:06.253,10543,155,3,100,False,0,263.992,-6557.0,-4551.0,587.0,2022,Monaco Grand Prix
23,47,MEDIUM,25.0,22.5,70.0,1003.2,False,29.0,158,0.8,00:06.275,10522,158,4,100,False,0,264.981,-6547.0,-4549.0,587.0,2022,Monaco Grand Prix
23,47,MEDIUM,25.0,22.5,70.0,1003.2,False,29.0,158,0.8,00:06.473,10653,162,4,100,False,0,274.162,-6467.0,-4537.0,595.0,2022,Monaco Grand Prix
23,47,MEDIUM,25.0,22.5,70.0,1003.2,False,29.0,158,0.8,00:06.475,10784,167,4,100,False,0,274.259,-6466.0,-4536.0,595.0,2022,Monaco Grand Prix
23,47,MEDIUM,25.0,22.5,70.0,1003.2,False,29.0,158,0.8,00:06.795,11300,185,4,100,False,0,290.703,-6309.0,-4505.0,608.0,2022,Monaco Grand Prix
23,47,MEDIUM,25.0,22.5,70.0,1003.2,False,29.0,158,0.8,00:06.833,10882,189,4,100,False,0,292.725,-6281.0,-4499.0,611.0,2022,Monaco Grand Prix
23,47,MEDIUM,25.0,22.5,70.0,1003.2,False,29.0,158,0.8,00:06.995,10464,193,5,100,False,0,301.425,-6138.0,-4465.0,623.0,2022,Monaco Grand Prix
23,47,MEDIUM,25.0,22.5,70.0,1003.2,False,29.0,158,0.8,00:07.013,10649,195,5,100,False,0,302.397,-6126.0,-4462.0,625.0,2022,Monaco Grand Prix
23,47,MEDIUM,25.0,22.5,70.0,1003.2,False,29.0,158,0.8,00:07.275,10834,197,5,100,False,0,316.748,-6041.0,-4440.0,631.0,2022,Monaco Grand Prix
23,47,MEDIUM,25.0,22.5,70.0,1003.2,False,29.0,158,0.8,00:07.313,10890,201,5,100,False,0,318.903,-6030.0,-4438.0,633.0,2022,Monaco Grand Prix
23,47,MEDIUM,25.0,22.5,70.0,1003.2,False,29.0,158,0.8,00:07.613,10946,206,5,100,False,0,336.536,-5863.0,-4397.0,648.0,2022,Monaco Grand Prix
23,47,MEDIUM,25.0,22.5,70.0,1003.2,False,29.0,158,0.8,00:07.635,11003,211,5,100,False,0,337.848,-5844.0,-4392.0,649.0,2022,Monaco Grand Prix
23,47,MEDIUM,25.0,22.5,70.0,1003.2,False,29.0,158,0.8,00:07.795,10260,216,5,100,False,0,347.448,-5697.0,-4355.0,663.0,2022,Monaco Grand Prix
23,47,MEDIUM,25.0,22.5,70.0,1003.2,False,29.0,158,0.8,00:07.833,10403,219,5,100,False,0,349.764,-5666.0,-4348.0,666.0,2022,Monaco Grand Prix
23,47,MEDIUM,25.0,22.5,70.0,1003.2,False,29.0,158,0.8,00:07.995,10546,222,6,100,False,0,359.781,-5562.0,-4321.0,675.0,2022,Monaco Grand Prix
23,47,MEDIUM,25.0,22.5,70.0,1003.2,False,29.0,158,0.8,00:08.213,10676,224,6,100,False,0,373.421,-5468.0,-4296.0,685.0,2022,Monaco Grand Prix
23,47,MEDIUM,25.0,22.5,70.0,1003.2,False,29.0,158,0.8,00:08.275,10806,226,6,100,False,0,377.359,-5441.0,-4288.0,687.0,2022,Monaco Grand Prix
23,47,MEDIUM,25.0,22.5,70.0,1003.2,False,29.0,158,0.8,00:08.555,11070,233,6,100,False,0,395.481,-5302.0,-4252.0,700.0,2022,Monaco Grand Prix
23,47,MEDIUM,25.0,22.5,70.0,1003.2,False,29.0,158,0.8,00:08.653,11159,234,6,100,False,0,401.879,-5210.0,-4237.0,709.0,2022,Monaco Grand Prix
23,47,MEDIUM,25.0,22.5,70.0,1003.2,False,29.0,158,0.8,00:08.832,11248,235,6,100,False,0,413.669,-4995.0,-4208.0,730.0,2022,Monaco Grand Prix
23,47,MEDIUM,25.0,22.5,70.0,1003.2,False,29.0,158,0.8,00:08.875,11337,237,6,100,False,0,416.548,-4959.0,-4203.0,733.0,2022,Monaco Grand Prix
23,47,MEDIUM,25.0,22.5,70.0,1003.2,False,29.0,158,0.8,00:09.172,10855,242,6,100,False,0,436.927,-4859.0,-4197.0,741.0,2022,Monaco Grand Prix
23,47,MEDIUM,25.0,22.5,70.0,1003.2,False,29.0,158,0.8,00:09.314,10374,248,6,100,False,0,446.79,-4771.0,-4187.0,749.0,2022,Monaco Grand Prix
23,47,MEDIUM,25.0,22.5,70.0,1003.2,False,29.0,158,0.8,00:09.452,10449,249,6,100,False,0,456.372,-4671.0,-4171.0,760.0,2022,Monaco Grand Prix
23,47,MEDIUM,25.0,22.5,70.0,1003.2,False,29.0,158,0.8,00:09.634,10525,251,7,100,False,0,469.101,-4551.0,-4138.0,771.0,2022,Monaco Grand Prix
23,47,MEDIUM,25.0,22.5,70.0,1003.2,False,29.0,158,0.8,00:09.712,10595,253,7,100,False,0,474.628,-4503.0,-4121.0,776.0,2022,Monaco Grand Prix
23,47,MEDIUM,25.0,22.5,70.0,1003.2,False,29.0,158,0.8,00:09.794,10665,256,7,100,False,0,480.479,-4452.0,-4100.0,780.0,2022,Monaco Grand Prix
23,47,MEDIUM,25.0,22.5,70.0,1003.2,False,29.0,158,0.8,00:09.872,10737,257,7,100,False,0,486.073,-4404.0,-4078.0,785.0,2022,Monaco Grand Prix
23,47,MEDIUM,25.0,22.5,70.0,1003.2,False,29.0,158,0.8,00:10.112,10810,258,7,100,False,0,503.431,-4239.0,-3995.0,799.0,2022,Monaco Grand Prix
23,47,MEDIUM,25.0,22.5,70.0,1003.2,False,29.0,158,0.8,00:10.154,10883,260,7,100,False,0,506.479,-4210.0,-3980.0,801.0,2022,Monaco Grand Prix
23,47,MEDIUM,25.0,22.5,70.0,1003.2,False,29.0,158,0.8,00:10.353,10890,261,7,100,False,0,520.961,-4081.0,-3917.0,812.0,2022,Monaco Grand Prix
23,47,MEDIUM,25.0,22.5,70.0,1003.2,False,29.0,158,0.8,00:10.354,10898,262,7,100,False,0,521.034,-4080.0,-3916.0,812.0,2022,Monaco Grand Prix
23,47,MEDIUM,25.0,22.5,70.0,1003.2,False,29.0,158,0.8,00:10.514,11137,265,7,100,False,0,532.812,-3973.0,-3870.0,819.0,2022,Monaco Grand Prix
23,47,MEDIUM,25.0,22.5,70.0,1003.2,False,29.0,158,0.8,00:10.553,11110,265,7,74,False,0,535.707,-3947.0,-3860.0,822.0,2022,Monaco Grand Prix
23,47,MEDIUM,25.0,22.5,70.0,1003.2,False,29.0,158,0.8,00:10.733,11084,266,7,49,False,0,549.079,-3822.0,-3816.0,832.0,2022,Monaco Grand Prix
23,47,MEDIUM,25.0,22.5,70.0,1003.2,False,29.0,158,0.8,00:10.754,11058,267,7,24,False,0,550.612,-3805.0,-3811.0,833.0,2022,Monaco Grand Prix
23,47,MEDIUM,25.0,22.5,70.0,1003.2,False,29.0,158,0.8,00:11.013,10724,260,7,12,False,0,568.929,-3585.0,-3757.0,849.0,2022,Monaco Grand Prix
23,47,MEDIUM,25.0,22.5,70.0,1003.2,False,29.0,158,0.8,00:11.154,10391,253,7,0,True,0,578.723,-3497.0,-3740.0,853.0,2022,Monaco Grand Prix
23,47,MEDIUM,25.0,22.5,70.0,1003.2,False,29.0,158,0.8,00:11.354,9507,247,7,0,True,0,592.445,-3402.0,-3729.0,857.0,2022,Monaco Grand Prix
23,47,MEDIUM,25.0,22.5,70.0,1003.2,False,29.0,158,0.8,00:11.413,9507,239,7,0,True,0,596.266,-3368.0,-3725.0,858.0,2022,Monaco Grand Prix
23,47,MEDIUM,25.0,22.5,70.0,1003.2,False,29.0,158,0.8,00:11.553,9507,231,7,0,True,0,604.901,-3278.0,-3714.0,860.0,2022,Monaco Grand Prix
23,47,MEDIUM,25.0,22.5,70.0,1003.2,False,29.0,158,0.8,00:11.594,9507,224,7,0,True,0,607.379,-3253.0,-3711.0,860.0,2022,Monaco Grand Prix
23,47,MEDIUM,25.0,22.5,70.0,1003.2,False,29.0,158,0.8,00:11.833,9971,219,7,0,True,0,621.494,-3108.0,-3693.0,862.0,2022,Monaco Grand Prix
23,47,MEDIUM,25.0,22.5,70.0,1003.2,False,29.0,158,0.8,00:12.013,10435,214,7,0,True,0,631.849,-2938.0,-3664.0,861.0,2022,Monaco Grand Prix
23,47,MEDIUM,25.0,22.5,70.0,1003.2,False,29.0,158,0.8,00:12.035,10900,210,6,0,True,0,633.104,-2921.0,-3660.0,860.0,2022,Monaco Grand Prix
23,47,MEDIUM,25.0,22.5,70.0,1003.2,False,29.0,158,0.8,00:12.235,10470,202,5,0,True,0,644.326,-2840.0,-3642.0,860.0,2022,Monaco Grand Prix
23,47,MEDIUM,25.0,22.5,70.0,1003.2,False,29.0,158,0.8,00:12.433,10332,195,5,0,True,0,654.766,-2783.0,-3620.0,861.0,2022,Monaco Grand Prix
23,47,MEDIUM,25.0,22.5,70.0,1003.2,False,29.0,158,0.8,00:12.515,10194,188,5,0,True,0,658.948,-2743.0,-3604.0,861.0,2022,Monaco Grand Prix
23,47,MEDIUM,25.0,22.5,70.0,1003.2,False,29.0,158,0.8,00:12.533,10417,184,5,0,True,0,659.858,-2735.0,-3601.0,862.0,2022,Monaco Grand Prix
23,47,MEDIUM,25.0,22.5,70.0,1003.2,False,29.0,158,0.8,00:12.773,10640,181,5,0,True,0,671.729,-2626.0,-3547.0,863.0,2022,Monaco Grand Prix
23,47,MEDIUM,25.0,22.5,70.0,1003.2,False,29.0,158,0.8,00:12.795,10863,178,5,0,True,0,672.793,-2614.0,-3539.0,863.0,2022,Monaco Grand Prix
23,47,MEDIUM,25.0,22.5,70.0,1003.2,False,29.0,158,0.8,00:12.995,10438,171,4,0,True,0,682.293,-2495.0,-3451.0,864.0,2022,Monaco Grand Prix
23,47,MEDIUM,25.0,22.5,70.0,1003.2,False,29.0,158,0.8,00:13.073,10176,168,4,0,True,0,685.928,-2458.0,-3421.0,865.0,2022,Monaco Grand Prix
23,47,MEDIUM,25.0,22.5,70.0,1003.2,False,29.0,158,0.8,00:13.315,9915,165,4,0,True,0,696.959,-2398.0,-3361.0,865.0,2022,Monaco Grand Prix
23,47,MEDIUM,25.0,22.5,70.0,1003.2,False,29.0,158,0.8,00:13.513,9709,160,4,0,True,0,705.667,-2371.0,-3320.0,866.0,2022,Monaco Grand Prix
23,47,MEDIUM,25.0,22.5,70.0,1003.2,False,29.0,158,0.8,00:13.715,9504,156,4,0,True,0,714.293,-2330.0,-3251.0,866.0,2022,Monaco Grand Prix
23,47,MEDIUM,25.0,22.5,70.0,1003.2,False,29.0,158,0.8,00:13.733,9402,153,4,0,True,0,715.051,-2326.0,-3242.0,867.0,2022,Monaco Grand Prix
23,47,MEDIUM,25.0,22.5,70.0,1003.2,False,29.0,158,0.8,00:13.893,9301,151,4,0,True,0,721.713,-2286.0,-3134.0,869.0,2022,Monaco Grand Prix
23,47,MEDIUM,25.0,22.5,70.0,1003.2,False,29.0,158,0.8,00:14.115,9200,149,4,0,False,0,730.848,-2264.0,-3029.0,870.0,2022,Monaco Grand Prix
23,47,MEDIUM,25.0,22.5,70.0,1003.2,False,29.0,158,0.8,00:14.193,9116,148,4,2,False,0,734.064,-2262.0,-2999.0,871.0,2022,Monaco Grand Prix
23,47,MEDIUM,25.0,22.5,70.0,1003.2,False,29.0,158,0.8,00:14.275,9033,148,4,4,False,0,737.426,-2261.0,-2965.0,871.0,2022,Monaco Grand Prix
23,47,MEDIUM,25.0,22.5,70.0,1003.2,False,29.0,158,0.8,00:14.435,8926,145,4,14,False,0,743.87,-2263.0,-2900.0,872.0,2022,Monaco Grand Prix
23,47,MEDIUM,25.0,22.5,70.0,1003.2,False,29.0,158,0.8,00:14.533,8918,144,4,23,False,0,747.777,-2267.0,-2862.0,873.0,2022,Monaco Grand Prix
23,47,MEDIUM,25.0,22.5,70.0,1003.2,False,29.0,158,0.8,00:14.753,8910,143,4,33,False,0,756.498,-2281.0,-2778.0,874.0,2022,Monaco Grand Prix
23,47,MEDIUM,25.0,22.5,70.0,1003.2,False,29.0,158,0.8,00:14.795,8902,143,4,43,False,0,758.17,-2285.0,-2760.0,874.0,2022,Monaco Grand Prix
23,47,MEDIUM,25.0,22.5,70.0,1003.2,False,29.0,158,0.8,00:15.013,9023,144,4,47,False,0,766.912,-2315.0,-2667.0,881.0,2022,Monaco Grand Prix
23,47,MEDIUM,25.0,22.5,70.0,1003.2,False,29.0,158,0.8,00:15.115,9145,145,4,51,False,0,771.059,-2329.0,-2629.0,882.0,2022,Monaco Grand Prix
23,47,MEDIUM,25.0,22.5,70.0,1003.2,False,29.0,158,0.8,00:15.312,9238,147,4,54,False,0,779.195,-2362.0,-2562.0,884.0,2022,Monaco Grand Prix
23,47,MEDIUM,25.0,22.5,70.0,1003.2,False,29.0,158,0.8,00:15.355,9332,149,4,57,False,0,780.993,-2370.0,-2546.0,884.0,2022,Monaco Grand Prix
23,47,MEDIUM,25.0,22.5,70.0,1003.2,False,29.0,158,0.8,00:15.472,9434,150,4,55,False,0,785.922,-2395.0,-2504.0,885.0,2022,Monaco Grand Prix
23,47,MEDIUM,25.0,22.5,70.0,1003.2,False,29.0,158,0.8,00:15.595,9537,152,4,53,False,0,791.126,-2422.0,-2460.0,885.0,2022,Monaco Grand Prix
23,47,MEDIUM,25.0,22.5,70.0,1003.2,False,29.0,158,0.8,00:15.772,9613,152,4,53,False,0,798.595,-2465.0,-2399.0,886.0,2022,Monaco Grand Prix
23,47,MEDIUM,25.0,22.5,70.0,1003.2,False,29.0,158,0.8,00:15.795,9690,152,4,53,False,0,799.57,-2470.0,-2391.0,885.0,2022,Monaco Grand Prix
23,47,MEDIUM,25.0,22.5,70.0,1003.2,False,29.0,158,0.8,00:15.952,9676,153,4,54,False,0,806.286,-2515.0,-2334.0,885.0,2022,Monaco Grand Prix
23,47,MEDIUM,25.0,22.5,70.0,1003.2,False,29.0,158,0.8,00:15.954,9662,154,4,55,False,0,806.372,-2515.0,-2333.0,884.0,2022,Monaco Grand Prix
23,47,MEDIUM,25.0,22.5,70.0,1003.2,False,29.0,158,0.8,00:16.172,9518,155,4,41,False,0,815.876,-2608.0,-2223.0,885.0,2022,Monaco Grand Prix
23,47,MEDIUM,25.0,22.5,70.0,1003.2,False,29.0,158,0.8,00:16.194,9375,157,4,27,True,0,816.839,-2615.0,-2213.0,885.0,2022,Monaco Grand Prix
23,47,MEDIUM,25.0,22.5,70.0,1003.2,False,29.0,158,0.8,00:16.434,8854,155,4,0,True,0,827.172,-2666.0,-2148.0,886.0,2022,Monaco Grand Prix
23,47,MEDIUM,25.0,22.5,70.0,1003.2,False,29.0,158,0.8,00:16.632,8660,147,4,0,True,0,834.86,-2692.0,-2106.0,887.0,2022,Monaco Grand Prix
23,47,MEDIUM,25.0,22.5,70.0,1003.2,False,29.0,158,0.8,00:16.674,8467,139,4,0,True,0,836.439,-2698.0,-2095.0,887.0,2022,Monaco Grand Prix
23,47,MEDIUM,25.0,22.5,70.0,1003.2,False,29.0,158,0.8,00:16.792,8198,136,4,0,True,0,840.831,-2716.0,-2060.0,888.0,2022,Monaco Grand Prix
23,47,MEDIUM,25.0,22.5,70.0,1003.2,False,29.0,158,0.8,00:16.993,7930,134,4,0,True,0,848.185,-2741.0,-1987.0,893.0,2022,Monaco Grand Prix
23,47,MEDIUM,25.0,22.5,70.0,1003.2,False,29.0,158,0.8,00:17.114,7662,132,4,0,True,0,852.572,-2747.0,-1945.0,892.0,2022,Monaco Grand Prix
23,47,MEDIUM,25.0,22.5,70.0,1003.2,False,29.0,158,0.8,00:17.153,7587,130,4,0,True,0,853.981,-2748.0,-1932.0,892.0,2022,Monaco Grand Prix
23,47,MEDIUM,25.0,22.5,70.0,1003.2,False,29.0,158,0.8,00:17.395,7512,128,4,0,False,0,862.563,-2742.0,-1853.0,893.0,2022,Monaco Grand Prix
23,47,MEDIUM,25.0,22.5,70.0,1003.2,False,29.0,158,0.8,00:17.533,7520,123,4,5,False,0,867.164,-2729.0,-1800.0,895.0,2022,Monaco Grand Prix
23,47,MEDIUM,25.0,22.5,70.0,1003.2,False,29.0,158,0.8,00:17.634,7529,119,4,11,False,0,870.463,-2713.0,-1753.0,895.0,2022,Monaco Grand Prix
23,47,MEDIUM,25.0,22.5,70.0,1003.2,False,29.0,158,0.8,00:17.713,7570,119,4,27,False,0,873.042,-2700.0,-1718.0,895.0,2022,Monaco Grand Prix
23,47,MEDIUM,25.0,22.5,70.0,1003.2,False,29.0,158,0.8,00:17.915,7612,119,4,43,False,0,879.752,-2670.0,-1645.0,893.0,2022,Monaco Grand Prix
23,47,MEDIUM,25.0,22.5,70.0,1003.2,False,29.0,158,0.8,00:18.593,8181,127,4,57,False,0,905.362,-2583.0,-1515.0,878.0,2022,Monaco Grand Prix
23,47,MEDIUM,25.0,22.5,70.0,1003.2,False,29.0,158,0.8,00:18.595,8751,136,4,72,False,0,905.441,-2582.0,-1514.0,877.0,2022,Monaco Grand Prix
23,47,MEDIUM,25.0,22.5,70.0,1003.2,False,29.0,158,0.8,00:18.913,9046,141,4,77,False,0,918.279,-2507.0,-1417.0,869.0,2022,Monaco Grand Prix
23,47,MEDIUM,25.0,22.5,70.0,1003.2,False,29.0,158,0.8,00:18.955,9342,146,4,83,False,0,920.041,-2489.0,-1397.0,867.0,2022,Monaco Grand Prix
23,47,MEDIUM,25.0,22.5,70.0,1003.2,False,29.0,158,0.8,00:19.113,9841,152,4,91,False,0,926.846,-2418.0,-1316.0,860.0,2022,Monaco Grand Prix
23,47,MEDIUM,25.0,22.5,70.0,1003.2,False,29.0,158,0.8,00:19.275,10340,158,4,100,False,0,934.085,-2368.0,-1261.0,855.0,2022,Monaco Grand Prix
23,47,MEDIUM,25.0,22.5,70.0,1003.2,False,29.0,158,0.8,00:19.475,10690,167,4,100,False,0,943.363,-2334.0,-1223.0,851.0,2022,Monaco Grand Prix
23,47,MEDIUM,25.0,22.5,70.0,1003.2,False,29.0,158,0.8,00:19.573,10913,171,4,100,False,0,948.064,-2312.0,-1199.0,849.0,2022,Monaco Grand Prix
23,47,MEDIUM,25.0,22.5,70.0,1003.2,False,29.0,158,0.8,00:19.715,11136,176,4,100,False,0,955.096,-2269.0,-1149.0,843.0,2022,Monaco Grand Prix
23,47,MEDIUM,25.0,22.5,70.0,1003.2,False,29.0,158,0.8,00:19.733,11402,180,4,100,False,0,956.011,-2262.0,-1141.0,843.0,2022,Monaco Grand Prix
23,47,MEDIUM,25.0,22.5,70.0,1003.2,False,29.0,158,0.8,00:19.973,11668,185,4,100,False,0,968.674,-2144.0,-985.0,828.0,2022,Monaco Grand Prix
23,47,MEDIUM,25.0,22.5,70.0,1003.2,False,29.0,158,0.8,00:19.995,11935,190,4,100,False,0,969.874,-2136.0,-974.0,826.0,2022,Monaco Grand Prix
23,47,MEDIUM,25.0,22.5,70.0,1003.2,False,29.0,158,0.8,00:20.315,12157,200,4,100,False,0,987.652,-2088.0,-903.0,819.0,2022,Monaco Grand Prix
23,47,MEDIUM,25.0,22.5,70.0,1003.2,False,29.0,158,0.8,00:20.373,11847,195,4,66,False,0,990.757,-2076.0,-885.0,818.0,2022,Monaco Grand Prix
23,47,MEDIUM,25.0,22.5,70.0,1003.2,False,29.0,158,0.8,00:20.613,11538,191,4,33,False,0,1003.148,-2003.0,-777.0,808.0,2022,Monaco Grand Prix
23,47,MEDIUM,25.0,22.5,70.0,1003.2,False,29.0,158,0.8,00:20.635,11229,187,4,0,True,0,1004.274,-1997.0,-769.0,807.0,2022,Monaco Grand Prix
23,47,MEDIUM,25.0,22.5,70.0,1003.2,False,29.0,158,0.8,00:20.713,11039,184,4,0,True,0,1008.263,-1980.0,-744.0,805.0,2022,Monaco Grand Prix
23,47,MEDIUM,25.0,22.5,70.0,1003.2,False,29.0,158,0.8,00:20.795,10849,181,4,0,True,0,1012.319,-1956.0,-711.0,801.0,2022,Monaco Grand Prix
23,47,MEDIUM,25.0,22.5,70.0,1003.2,False,29.0,158,0.8,00:20.995,10221,159,4,0,True,0,1021.152,-1881.0,-609.0,791.0,2022,Monaco Grand Prix
23,47,MEDIUM,25.0,22.5,70.0,1003.2,False,29.0,158,0.8,00:21.033,9908,153,4,0,True,0,1022.73,-1865.0,-589.0,790.0,2022,Monaco Grand Prix
23,47,MEDIUM,25.0,22.5,70.0,1003.2,False,29.0,158,0.8,00:21.193,9596,147,4,0,True,0,1029.109,-1797.0,-504.0,783.0,2022,Monaco Grand Prix
23,47,MEDIUM,25.0,22.5,70.0,1003.2,False,29.0,158,0.8,00:21.315,9284,141,4,0,True,0,1033.685,-1762.0,-461.0,779.0,2022,Monaco Grand Prix
23,47,MEDIUM,25.0,22.5,70.0,1003.2,False,29.0,158,0.8,00:21.633,9158,131,4,0,True,0,1044.467,-1718.0,-409.0,774.0,2022,Monaco Grand Prix
23,47,MEDIUM,25.0,22.5,70.0,1003.2,False,29.0,158,0.8,00:21.635,9032,122,3,0,True,0,1044.53,-1717.0,-408.0,773.0,2022,Monaco Grand Prix
23,47,MEDIUM,25.0,22.5,70.0,1003.2,False,29.0,158,0.8,00:21.833,8964,116,3,0,True,0,1050.456,-1674.0,-359.0,770.0,2022,Monaco Grand Prix
23,47,MEDIUM,25.0,22.5,70.0,1003.2,False,29.0,158,0.8,00:21.992,8897,110,3,0,True,0,1054.921,-1642.0,-323.0,766.0,2022,Monaco Grand Prix
23,47,MEDIUM,25.0,22.5,70.0,1003.2,False,29.0,158,0.8,00:22.075,8830,104,2,0,True,0,1057.241,-1627.0,-307.0,764.0,2022,Monaco Grand Prix
23,47,MEDIUM,25.0,22.5,70.0,1003.2,False,29.0,158,0.8,00:22.172,8536,102,2,0,True,0,1059.945,-1609.0,-289.0,763.0,2022,Monaco Grand Prix
23,47,MEDIUM,25.0,22.5,70.0,1003.2,False,29.0,158,0.8,00:22.275,8243,100,2,0,True,0,1062.796,-1579.0,-262.0,759.0,2022,Monaco Grand Prix
23,47,MEDIUM,25.0,22.5,70.0,1003.2,False,29.0,158,0.8,00:22.432,7990,98,2,0,True,0,1067.062,-1529.0,-222.0,754.0,2022,Monaco Grand Prix
23,47,MEDIUM,25.0,22.5,70.0,1003.2,False,29.0,158,0.8,00:22.475,7737,97,2,0,True,0,1068.185,-1517.0,-214.0,752.0,2022,Monaco Grand Prix
23,47,MEDIUM,25.0,22.5,70.0,1003.2,False,29.0,158,0.8,00:22.874,7102,85,2,0,True,0,1077.606,-1451.0,-196.0,749.0,2022,Monaco Grand Prix
23,47,MEDIUM,25.0,22.5,70.0,1003.2,False,29.0,158,0.8,00:22.892,6979,82,2,0,True,0,1078.013,-1449.0,-197.0,749.0,2022,Monaco Grand Prix
23,47,MEDIUM,25.0,22.5,70.0,1003.2,False,29.0,158,0.8,00:23.114,6857,80,2,0,True,0,1082.939,-1410.0,-201.0,744.0,2022,Monaco Grand Prix
23,47,MEDIUM,25.0,22.5,70.0,1003.2,False,29.0,158,0.8,00:23.192,6777,78,2,0,True,0,1084.593,-1396.0,-205.0,743.0,2022,Monaco Grand Prix
23,47,MEDIUM,25.0,22.5,70.0,1003.2,False,29.0,158,0.8,00:23.473,6697,76,2,0,True,0,1090.319,-1342.0,-230.0,738.0,2022,Monaco Grand Prix
23,47,MEDIUM,25.0,22.5,70.0,1003.2,False,29.0,158,0.8,00:23.474,6617,74,2,0,True,0,1090.339,-1341.0,-230.0,737.0,2022,Monaco Grand Prix
23,47,MEDIUM,25.0,22.5,70.0,1003.2,False,29.0,158,0.8,00:23.674,6308,74,2,0,False,0,1094.451,-1307.0,-255.0,732.0,2022,Monaco Grand Prix
23,47,MEDIUM,25.0,22.5,70.0,1003.2,False,29.0,158,0.8,00:23.693,6290,73,2,0,False,0,1094.84,-1305.0,-258.0,732.0,2022,Monaco Grand Prix
23,47,MEDIUM,25.0,22.5,70.0,1003.2,False,29.0,158,0.8,00:23.873,6272,73,2,0,False,0,1098.486,-1280.0,-284.0,729.0,2022,Monaco Grand Prix
23,47,MEDIUM,25.0,22.5,70.0,1003.2,False,29.0,158,0.8,00:23.874,6255,73,2,0,False,0,1098.506,-1279.0,-284.0,728.0,2022,Monaco Grand Prix
23,47,MEDIUM,25.0,22.5,70.0,1003.2,False,29.0,158,0.8,00:24.074,6192,71,2,0,False,0,1102.451,-1249.0,-337.0,725.0,2022,Monaco Grand Prix
23,47,MEDIUM,25.0,22.5,70.0,1003.2,False,29.0,158,0.8,00:24.153,6223,71,2,0,False,0,1104.024,-1241.0,-355.0,724.0,2022,Monaco Grand Prix
23,47,MEDIUM,25.0,22.5,70.0,1003.2,False,29.0,158,0.8,00:24.234,6255,72,2,0,False,0,1105.651,-1235.0,-366.0,723.0,2022,Monaco Grand Prix
23,47,MEDIUM,25.0,22.5,70.0,1003.2,False,29.0,158,0.8,00:24.473,6492,73,2,13,False,0,1110.563,-1229.0,-392.0,722.0,2022,Monaco Grand Prix
23,47,MEDIUM,25.0,22.5,70.0,1003.2,False,29.0,158,0.8,00:24.474,6730,74,2,27,False,0,1110.584,-1228.0,-392.0,721.0,2022,Monaco Grand Prix
23,47,MEDIUM,25.0,22.5,70.0,1003.2,False,29.0,158,0.8,00:24.714,7286,80,2,40,False,0,1115.917,-1209.0,-466.0,716.0,2022,Monaco Grand Prix
23,47,MEDIUM,25.0,22.5,70.0,1003.2,False,29.0,158,0.8,00:24.733,7556,83,2,47,False,0,1116.356,-1208.0,-471.0,716.0,2022,Monaco Grand Prix
23,47,MEDIUM,25.0,22.5,70.0,1003.2,False,29.0,158,0.8,00:24.955,7826,86,2,55,False,0,1121.674,-1199.0,-505.0,713.0,2022,Monaco Grand Prix
23,47,MEDIUM,25.0,22.5,70.0,1003.2,False,29.0,158,0.8,00:25.155,8393,93,2,61,False,0,1126.841,-1188.0,-543.0,709.0,2022,Monaco Grand Prix
23,47,MEDIUM,25.0,22.5,70.0,1003.2,False,29.0,158,0.8,00:25.173,8674,97,2,63,False,0,1127.337,-1187.0,-550.0,709.0,2022,Monaco Grand Prix
23,47,MEDIUM,25.0,22.5,70.0,1003.2,False,29.0,158,0.8,00:25.393,8955,101,2,65,False,0,1133.781,-1159.0,-642.0,701.0,2022,Monaco Grand Prix
23,47,MEDIUM,25.0,22.5,70.0,1003.2,False,29.0,158,0.8,00:25.395,9237,105,2,67,False,0,1133.841,-1158.0,-642.0,700.0,2022,Monaco Grand Prix
23,47,MEDIUM,25.0,22.5,70.0,1003.2,False,29.0,158,0.8,00:25.713,9931,109,2,71,False,0,1143.907,-1139.0,-700.0,696.0,2022,Monaco Grand Prix
23,47,MEDIUM,25.0,22.5,70.0,1003.2,False,29.0,158,0.8,00:25.715,10625,114,2,76,False,0,1143.974,-1138.0,-700.0,695.0,2022,Monaco Grand Prix
23,47,MEDIUM,25.0,22.5,70.0,1003.2,False,29.0,158,0.8,00:25.913,11077,121,2,78,False,0,1150.977,-1114.0,-763.0,692.0,2022,Monaco Grand Prix
23,47,MEDIUM,25.0,22.5,70.0,1003.2,False,29.0,158,0.8,00:25.955,11530,128,2,80,False,0,1152.508,-1108.0,-777.0,691.0,2022,Monaco Grand Prix
23,47,MEDIUM,25.0,22.5,70.0,1003.2,False,29.0,158,0.8,00:26.115,10800,131,2,8,True,0,1158.33,-1084.0,-830.0,687.0,2022,Monaco Grand Prix
23,47,MEDIUM,25.0,22.5,70.0,1003.2,False,29.0,158,0.8,00:26.153,10422,125,2,5,True,0,1159.641,-1079.0,-842.0,687.0,2022,Monaco Grand Prix
23,47,MEDIUM,25.0,22.5,70.0,1003.2,False,29.0,158,0.8,00:26.393,10045,119,2,2,True,0,1167.154,-1046.0,-909.0,680.0,2022,Monaco Grand Prix
23,47,MEDIUM,25.0,22.5,70.0,1003.2,False,29.0,158,0.8,00:26.435,9668,113,2,0,True,0,1168.374,-1039.0,-920.0,679.0,2022,Monaco Grand Prix
23,47,MEDIUM,25.0,22.5,70.0,1003.2,False,29.0,158,0.8,00:26.633,9109,106,2,0,True,0,1173.811,-1008.0,-972.0,676.0,2022,Monaco Grand Prix
23,47,MEDIUM,25.0,22.5,70.0,1003.2,False,29.0,158,0.8,00:26.793,8551,100,2,0,True,0,1177.869,-980.0,-1014.0,673.0,2022,Monaco Grand Prix
23,47,MEDIUM,25.0,22.5,70.0,1003.2,False,29.0,158,0.8,00:26.875,7993,94,2,0,True,0,1179.863,-966.0,-1030.0,671.0,2022,Monaco Grand Prix
23,47,MEDIUM,25.0,22.5,70.0,1003.2,False,29.0,158,0.8,00:26.953,8204,87,2,0,True,0,1181.707,-954.0,-1045.0,670.0,2022,Monaco Grand Prix
23,47,MEDIUM,25.0,22.5,70.0,1003.2,False,29.0,158,0.8,00:27.195,8416,81,2,0,True,0,1187.063,-914.0,-1083.0,665.0,2022,Monaco Grand Prix
23,47,MEDIUM,25.0,22.5,70.0,1003.2,False,29.0,158,0.8,00:27.213,8210,76,2,0,True,0,1187.436,-912.0,-1086.0,665.0,2022,Monaco Grand Prix
23,47,MEDIUM,25.0,22.5,70.0,1003.2,False,29.0,158,0.8,00:27.395,8005,71,1,0,True,0,1191.008,-881.0,-1107.0,662.0,2022,Monaco Grand Prix
23,47,MEDIUM,25.0,22.5,70.0,1003.2,False,29.0,158,0.8,00:27.453,7533,67,1,0,True,0,1192.068,-872.0,-1113.0,662.0,2022,Monaco Grand Prix
23,47,MEDIUM,25.0,22.5,70.0,1003.2,False,29.0,158,0.8,00:27.635,7061,63,1,0,True,0,1195.208,-846.0,-1124.0,660.0,2022,Monaco Grand Prix
23,47,MEDIUM,25.0,22.5,70.0,1003.2,False,29.0,158,0.8,00:27.713,6832,62,1,0,True,0,1196.51,-833.0,-1128.0,660.0,2022,Monaco Grand Prix
23,47,MEDIUM,25.0,22.5,70.0,1003.2,False,29.0,158,0.8,00:27.793,6604,61,1,0,True,0,1197.841,-817.0,-1131.0,659.0,2022,Monaco Grand Prix
23,47,MEDIUM,25.0,22.5,70.0,1003.2,False,29.0,158,0.8,00:27.795,6376,60,1,0,True,0,1197.874,-816.0,-1131.0,658.0,2022,Monaco Grand Prix
23,47,MEDIUM,25.0,22.5,70.0,1003.2,False,29.0,158,0.8,00:27.955,5962,60,1,0,True,0,1200.541,-780.0,-1125.0,657.0,2022,Monaco Grand Prix
23,47,MEDIUM,25.0,22.5,70.0,1003.2,False,29.0,158,0.8,00:28.093,5968,57,1,0,True,0,1202.668,-756.0,-1116.0,656.0,2022,Monaco Grand Prix
23,47,MEDIUM,25.0,22.5,70.0,1003.2,False,29.0,158,0.8,00:28.235,5974,54,1,0,False,0,1204.741,-744.0,-1109.0,655.0,2022,Monaco Grand Prix
23,47,MEDIUM,25.0,22.5,70.0,1003.2,False,29.0,158,0.8,00:28.413,5778,52,1,0,False,0,1207.302,-741.0,-1098.0,656.0,2022,Monaco Grand Prix
23,47,MEDIUM,25.0,22.5,70.0,1003.2,False,29.0,158,0.8,00:28.555,5582,51,1,0,True,0,1209.274,-736.0,-1081.0,655.0,2022,Monaco Grand Prix
23,47,MEDIUM,25.0,22.5,70.0,1003.2,False,29.0,158,0.8,00:28.715,5258,48,1,0,False,0,1211.408,-731.0,-1058.0,653.0,2022,Monaco Grand Prix
23,47,MEDIUM,25.0,22.5,70.0,1003.2,False,29.0,158,0.8,00:28.752,5247,48,1,0,False,0,1211.902,-731.0,-1053.0,653.0,2022,Monaco Grand Prix
23,47,MEDIUM,25.0,22.5,70.0,1003.2,False,29.0,158,0.8,00:28.852,5236,48,1,0,False,0,1213.238,-731.0,-1039.0,652.0,2022,Monaco Grand Prix
23,47,MEDIUM,25.0,22.5,70.0,1003.2,False,29.0,158,0.8,00:28.875,5225,48,1,0,False,0,1213.541,-731.0,-1035.0,651.0,2022,Monaco Grand Prix
23,47,MEDIUM,25.0,22.5,70.0,1003.2,False,29.0,158,0.8,00:29.032,5063,47,1,0,False,0,1215.55,-735.0,-1012.0,648.0,2022,Monaco Grand Prix
23,47,MEDIUM,25.0,22.5,70.0,1003.2,False,29.0,158,0.8,00:29.212,4901,46,1,0,False,0,1217.766,-740.0,-990.0,645.0,2022,Monaco Grand Prix
23,47,MEDIUM,25.0,22.5,70.0,1003.2,False,29.0,158,0.8,00:29.274,4739,45,1,0,False,0,1218.529,-742.0,-982.0,644.0,2022,Monaco Grand Prix
23,47,MEDIUM,25.0,22.5,70.0,1003.2,False,29.0,158,0.8,00:29.452,4804,44,1,0,False,0,1220.713,-750.0,-961.0,643.0,2022,Monaco Grand Prix
23,47,MEDIUM,25.0,22.5,70.0,1003.2,False,29.0,158,0.8,00:29.514,4870,44,1,1,False,0,1221.462,-753.0,-953.0,642.0,2022,Monaco Grand Prix
23,47,MEDIUM,25.0,22.5,70.0,1003.2,False,29.0,158,0.8,00:29.792,4988,43,1,4,False,0,1224.762,-769.0,-924.0,641.0,2022,Monaco Grand Prix
23,47,MEDIUM,25.0,22.5,70.0,1003.2,False,29.0,158,0.8,00:29.834,5106,43,1,7,False,0,1225.284,-771.0,-919.0,640.0,2022,Monaco Grand Prix
23,47,MEDIUM,25.0,22.5,70.0,1003.2,False,29.0,158,0.8,00:29.892,5300,45,1,9,False,0,1226.023,-775.0,-913.0,640.0,2022,Monaco Grand Prix
23,47,MEDIUM,25.0,22.5,70.0,1003.2,False,29.0,158,0.8,00:30.173,5495,47,1,12,False,0,1229.878,-795.0,-884.0,637.0,2022,Monaco Grand Prix
23,47,MEDIUM,25.0,22.5,70.0,1003.2,False,29.0,158,0.8,00:30.194,5690,49,1,15,False,0,1230.184,-796.0,-881.0,636.0,2022,Monaco Grand Prix
23,47,MEDIUM,25.0,22.5,70.0,1003.2,False,29.0,158,0.8,00:30.393,6008,52,1,18,False,0,1233.224,-814.0,-859.0,633.0,2022,Monaco Grand Prix
23,47,MEDIUM,25.0,22.5,70.0,1003.2,False,29.0,158,0.8,00:30.394,6326,55,1,22,False,0,1233.24,-814.0,-858.0,632.0,2022,Monaco Grand Prix
23,47,MEDIUM,25.0,22.5,70.0,1003.2,False,29.0,158,0.8,00:30.553,6923,59,1,32,False,0,1235.912,-830.0,-840.0,631.0,2022,Monaco Grand Prix
23,47,MEDIUM,25.0,22.5,70.0,1003.2,False,29.0,158,0.8,00:30.754,7520,63,1,42,False,0,1239.54,-870.0,-797.0,625.0,2022,Monaco Grand Prix
23,47,MEDIUM,25.0,22.5,70.0,1003.2,False,29.0,158,0.8,00:30.773,7868,66,1,47,False,0,1239.892,-874.0,-794.0,625.0,2022,Monaco Grand Prix
23,47,MEDIUM,25.0,22.5,70.0,1003.2,False,29.0,158,0.8,00:30.954,8217,70,1,52,False,0,1243.429,-900.0,-766.0,621.0,2022,Monaco Grand Prix
23,47,MEDIUM,25.0,22.5,70.0,1003.2,False,29.0,158,0.8,00:31.253,9390,81,1,57,False,0,1250.86,-928.0,-738.0,618.0,2022,Monaco Grand Prix
23,47,MEDIUM,25.0,22.5,70.0,1003.2,False,29.0,158,0.8,00:31.395,10563,92,1,63,False,0,1254.699,-942.0,-722.0,616.0,2022,Monaco Grand Prix
23,47,MEDIUM,25.0,22.5,70.0,1003.2,False,29.0,158,0.8,00:31.593,10168,94,1,42,False,0,1260.059,-968.0,-692.0,614.0,2022,Monaco Grand Prix
23,47,MEDIUM,25.0,22.5,70.0,1003.2,False,29.0,158,0.8,00:31.635,9773,97,1,22,True,0,1261.165,-974.0,-683.0,613.0,2022,Monaco Grand Prix
23,47,MEDIUM,25.0,22.5,70.0,1003.2,False,29.0,158,0.8,00:31.753,8683,93,1,11,True,0,1264.186,-993.0,-658.0,611.0,2022,Monaco Grand Prix
23,47,MEDIUM,25.0,22.5,70.0,1003.2,False,29.0,158,0.8,00:31.955,7593,90,2,0,True,0,1269.165,-1015.0,-619.0,608.0,2022,Monaco Grand Prix
23,47,MEDIUM,25.0,22.5,70.0,1003.2,False,29.0,158,0.8,00:32.033,7418,89,2,0,True,0,1271.076,-1021.0,-595.0,607.0,2022,Monaco Grand Prix
23,47,MEDIUM,25.0,22.5,70.0,1003.2,False,29.0,158,0.8,00:32.193,7243,88,2,0,True,0,1274.961,-1028.0,-527.0,605.0,2022,Monaco Grand Prix
23,47,MEDIUM,25.0,22.5,70.0,1003.2,False,29.0,158,0.8,00:32.275,7069,87,2,0,True,0,1276.899,-1028.0,-504.0,603.0,2022,Monaco Grand Prix
23,47,MEDIUM,25.0,22.5,70.0,1003.2,False,29.0,158,0.8,00:32.553,6944,84,2,0,True,0,1283.155,-1018.0,-479.0,600.0,2022,Monaco Grand Prix
23,47,MEDIUM,25.0,22.5,70.0,1003.2,False,29.0,158,0.8,00:32.555,6820,81,2,0,True,0,1283.199,-1017.0,-478.0,599.0,2022,Monaco Grand Prix
23,47,MEDIUM,25.0,22.5,70.0,1003.2,False,29.0,158,0.8,00:32.773,6605,78,2,0,True,0,1287.778,-999.0,-438.0,596.0,2022,Monaco Grand Prix
23,47,MEDIUM,25.0,22.5,70.0,1003.2,False,29.0,158,0.8,00:32.915,6391,75,2,0,False,0,1290.699,-970.0,-405.0,592.0,2022,Monaco Grand Prix
23,47,MEDIUM,25.0,22.5,70.0,1003.2,False,29.0,158,0.8,00:33.093,6413,74,2,1,False,0,1294.358,-931.0,-368.0,588.0,2022,Monaco Grand Prix
23,47,MEDIUM,25.0,22.5,70.0,1003.2,False,29.0,158,0.8,00:33.115,6435,74,2,3,False,0,1294.81,-927.0,-364.0,587.0,2022,Monaco Grand Prix
23,47,MEDIUM,25.0,22.5,70.0,1003.2,False,29.0,158,0.8,00:33.315,6690,74,2,14,False,0,1298.921,-902.0,-346.0,584.0,2022,Monaco Grand Prix
23,47,MEDIUM,25.0,22.5,70.0,1003.2,False,29.0,158,0.8,00:33.533,6920,76,2,27,False,0,1303.545,-877.0,-333.0,581.0,2022,Monaco Grand Prix
23,47,MEDIUM,25.0,22.5,70.0,1003.2,False,29.0,158,0.8,00:33.675,7150,78,2,41,False,0,1306.721,-849.0,-318.0,578.0,2022,Monaco Grand Prix
23,47,MEDIUM,25.0,22.5,70.0,1003.2,False,29.0,158,0.8,00:33.693,7377,81,2,41,False,0,1307.135,-846.0,-316.0,578.0,2022,Monaco Grand Prix
23,47,MEDIUM,25.0,22.5,70.0,1003.2,False,29.0,158,0.8,00:33.835,7604,85,2,42,False,0,1310.499,-811.0,-299.0,573.0,2022,Monaco Grand Prix
23,47,MEDIUM,25.0,22.5,70.0,1003.2,False,29.0,158,0.8,00:33.893,7847,88,2,47,False,0,1311.917,-798.0,-293.0,572.0,2022,Monaco Grand Prix
23,47,MEDIUM,25.0,22.5,70.0,1003.2,False,29.0,158,0.8,00:34.075,8091,91,2,52,False,0,1316.565,-756.0,-274.0,569.0,2022,Monaco Grand Prix
23,47,MEDIUM,25.0,22.5,70.0,1003.2,False,29.0,158,0.8,00:34.093,8354,94,2,54,False,0,1317.046,-752.0,-273.0,569.0,2022,Monaco Grand Prix
23,47,MEDIUM,25.0,22.5,70.0,1003.2,False,29.0,158,0.8,00:34.253,8618,97,2,56,False,0,1321.471,-713.0,-258.0,566.0,2022,Monaco Grand Prix
23,47,MEDIUM,25.0,22.5,70.0,1003.2,False,29.0,158,0.8,00:34.315,8882,100,2,59,False,0,1323.232,-697.0,-252.0,564.0,2022,Monaco Grand Prix
23,47,MEDIUM,25.0,22.5,70.0,1003.2,False,29.0,158,0.8,00:34.433,9209,102,2,63,False,0,1326.642,-668.0,-242.0,563.0,2022,Monaco Grand Prix
23,47,MEDIUM,25.0,22.5,70.0,1003.2,False,29.0,158,0.8,00:34.475,9537,105,2,68,False,0,1327.899,-656.0,-238.0,562.0,2022,Monaco Grand Prix
23,47,MEDIUM,25.0,22.5,70.0,1003.2,False,29.0,158,0.8,00:34.635,9840,112,2,70,False,0,1332.876,-610.0,-222.0,559.0,2022,Monaco Grand Prix
23,47,MEDIUM,25.0,22.5,70.0,1003.2,False,29.0,158,0.8,00:34.713,9478,109,2,35,False,0,1335.254,-583.0,-216.0,558.0,2022,Monaco Grand Prix
23,47,MEDIUM,25.0,22.5,70.0,1003.2,False,29.0,158,0.8,00:34.875,9116,107,2,0,True,0,1340.01,-511.0,-203.0,555.0,2022,Monaco Grand Prix
23,47,MEDIUM,25.0,22.5,70.0,1003.2,False,29.0,158,0.8,00:35.013,8917,103,2,0,True,0,1343.888,-458.0,-195.0,553.0,2022,Monaco Grand Prix
23,47,MEDIUM,25.0,22.5,70.0,1003.2,False,29.0,158,0.8,00:35.115,8718,100,2,0,True,0,1346.676,-434.0,-190.0,552.0,2022,Monaco Grand Prix
23,47,MEDIUM,25.0,22.5,70.0,1003.2,False,29.0,158,0.8,00:35.355,8003,95,2,0,True,0,1353.01,-405.0,-191.0,550.0,2022,Monaco Grand Prix
23,47,MEDIUM,25.0,22.5,70.0,1003.2,False,29.0,158,0.8,00:35.412,7827,92,2,0,True,0,1354.446,-390.0,-195.0,550.0,2022,Monaco Grand Prix
23,47,MEDIUM,25.0,22.5,70.0,1003.2,False,29.0,158,0.8,00:35.612,7651,90,2,0,True,0,1359.305,-313.0,-217.0,547.0,2022,Monaco Grand Prix
23,47,MEDIUM,25.0,22.5,70.0,1003.2,False,29.0,158,0.8,00:35.635,7476,88,2,0,True,0,1359.854,-305.0,-219.0,546.0,2022,Monaco Grand Prix
23,47,MEDIUM,25.0,22.5,70.0,1003.2,False,29.0,158,0.8,00:35.875,7301,85,2,0,False,0,1365.521,-272.0,-240.0,546.0,2022,Monaco Grand Prix
23,47,MEDIUM,25.0,22.5,70.0,1003.2,False,29.0,158,0.8,00:36.034,7260,84,2,0,False,0,1369.231,-263.0,-259.0,546.0,2022,Monaco Grand Prix
23,47,MEDIUM,25.0,22.5,70.0,1003.2,False,29.0,158,0.8,00:36.072,7239,83,2,0,False,0,1370.104,-260.0,-266.0,546.0,2022,Monaco Grand Prix
23,47,MEDIUM,25.0,22.5,70.0,1003.2,False,29.0,158,0.8,00:36.234,7219,82,2,0,False,0,1373.786,-242.0,-297.0,545.0,2022,Monaco Grand Prix
23,47,MEDIUM,25.0,22.5,70.0,1003.2,False,29.0,158,0.8,00:36.272,7165,82,2,0,False,0,1374.653,-239.0,-305.0,545.0,2022,Monaco Grand Prix
23,47,MEDIUM,25.0,22.5,70.0,1003.2,False,29.0,158,0.8,00:36.394,7112,82,2,0,False,0,1377.431,-230.0,-329.0,544.0,2022,Monaco Grand Prix
23,47,MEDIUM,25.0,22.5,70.0,1003.2,False,29.0,158,0.8,00:36.472,7134,81,2,0,False,0,1379.181,-226.0,-347.0,545.0,2022,Monaco Grand Prix
23,47,MEDIUM,25.0,22.5,70.0,1003.2,False,29.0,158,0.8,00:36.673,7156,80,2,0,False,0,1383.627,-217.0,-397.0,545.0,2022,Monaco Grand Prix
23,47,MEDIUM,25.0,22.5,70.0,1003.2,False,29.0,158,0.8,00:36.714,7178,80,2,0,False,0,1384.542,-215.0,-404.0,544.0,2022,Monaco Grand Prix
23,47,MEDIUM,25.0,22.5,70.0,1003.2,False,29.0,158,0.8,00:36.833,7300,81,2,10,False,0,1387.218,-213.0,-429.0,545.0,2022,Monaco Grand Prix
23,47,MEDIUM,25.0,22.5,70.0,1003.2,False,29.0,158,0.8,00:37.033,7423,82,2,21,False,0,1391.825,-210.0,-501.0,545.0,2022,Monaco Grand Prix
23,47,MEDIUM,25.0,22.5,70.0,1003.2,False,29.0,158,0.8,00:37.114,7546,83,2,32,False,0,1393.764,-209.0,-519.0,544.0,2022,Monaco Grand Prix
23,47,MEDIUM,25.0,22.5,70.0,1003.2,False,29.0,158,0.8,00:37.434,8200,91,2,46,False,0,1401.853,-209.0,-537.0,545.0,2022,Monaco Grand Prix
23,47,MEDIUM,25.0,22.5,70.0,1003.2,False,29.0,158,0.8,00:37.473,8412,93,2,50,False,0,1402.877,-210.0,-544.0,545.0,2022,Monaco Grand Prix
23,47,MEDIUM,25.0,22.5,70.0,1003.2,False,29.0,158,0.8,00:37.633,8624,95,2,55,False,0,1407.214,-211.0,-585.0,545.0,2022,Monaco Grand Prix
23,47,MEDIUM,25.0,22.5,70.0,1003.2,False,29.0,158,0.8,00:37.634,8836,97,2,60,False,0,1407.242,-211.0,-585.0,545.0,2022,Monaco Grand Prix
23,47,MEDIUM,25.0,22.5,70.0,1003.2,False,29.0,158,0.8,00:37.813,9444,103,2,65,False,0,1412.562,-213.0,-636.0,545.0,2022,Monaco Grand Prix
23,47,MEDIUM,25.0,22.5,70.0,1003.2,False,29.0,158,0.8,00:37.914,10053,109,2,71,False,0,1415.72,-215.0,-674.0,544.0,2022,Monaco Grand Prix
23,47,MEDIUM,25.0,22.5,70.0,1003.2,False,29.0,158,0.8,00:38.173,10520,113,2,76,False,0,1424.183,-223.0,-781.0,545.0,2022,Monaco Grand Prix
23,47,MEDIUM,25.0,22.5,70.0,1003.2,False,29.0,158,0.8,00:38.195,10987,118,2,82,False,0,1424.93,-223.0,-786.0,545.0,2022,Monaco Grand Prix
23,47,MEDIUM,25.0,22.5,70.0,1003.2,False,29.0,158,0.8,00:38.395,10620,127,2,88,False,0,1431.986,-226.0,-823.0,545.0,2022,Monaco Grand Prix
23,47,MEDIUM,25.0,22.5,70.0,1003.2,False,29.0,158,0.8,00:38.473,10596,134,2,91,False,0,1434.922,-229.0,-849.0,545.0,2022,Monaco Grand Prix
23,47,MEDIUM,25.0,22.5,70.0,1003.2,False,29.0,158,0.8,00:38.715,10572,142,3,95,False,0,1444.608,-242.0,-989.0,543.0,2022,Monaco Grand Prix
23,47,MEDIUM,25.0,22.5,70.0,1003.2,False,29.0,158,0.8,00:38.753,10564,147,3,97,False,0,1446.175,-244.0,-1012.0,543.0,2022,Monaco Grand Prix
23,47,MEDIUM,25.0,22.5,70.0,1003.2,False,29.0,158,0.8,00:38.915,10556,152,3,100,False,0,1453.053,-250.0,-1097.0,542.0,2022,Monaco Grand Prix
23,47,MEDIUM,25.0,22.5,70.0,1003.2,False,29.0,158,0.8,00:39.093,10680,161,3,100,False,0,1461.272,-255.0,-1171.0,543.0,2022,Monaco Grand Prix
23,47,MEDIUM,25.0,22.5,70.0,1003.2,False,29.0,158,0.8,00:39.235,10805,171,4,100,False,0,1468.253,-257.0,-1214.0,543.0,2022,Monaco Grand Prix
23,47,MEDIUM,25.0,22.5,70.0,1003.2,False,29.0,158,0.8,00:39.473,10696,179,4,100,False,0,1480.606,-261.0,-1289.0,543.0,2022,Monaco Grand Prix
23,47,MEDIUM,25.0,22.5,70.0,1003.2,False,29.0,158,0.8,00:39.595,10587,188,4,100,False,0,1487.053,-264.0,-1348.0,543.0,2022,Monaco Grand Prix
23,47,MEDIUM,25.0,22.5,70.0,1003.2,False,29.0,158,0.8,00:39.693,10695,190,4,100,False,0,1492.222,-267.0,-1402.0,543.0,2022,Monaco Grand Prix
23,47,MEDIUM,25.0,22.5,70.0,1003.2,False,29.0,158,0.8,00:39.835,10804,192,5,100,False,0,1499.853,-271.0,-1478.0,542.0,2022,Monaco Grand Prix
23,47,MEDIUM,25.0,22.5,70.0,1003.2,False,29.0,158,0.8,00:39.993,10889,197,5,100,False,0,1508.761,-280.0,-1564.0,542.0,2022,Monaco Grand Prix
23,47,MEDIUM,25.0,22.5,70.0,1003.2,False,29.0,158,0.8,00:39.995,10975,203,5,100,False,0,1508.875,-280.0,-1565.0,541.0,2022,Monaco Grand Prix
23,47,MEDIUM,25.0,22.5,70.0,1003.2,False,29.0,158,0.8,00:40.153,11234,204,5,100,False,0,1517.851,-293.0,-1653.0,542.0,2022,Monaco Grand Prix
23,47,MEDIUM,25.0,22.5,70.0,1003.2,False,29.0,158,0.8,00:40.275,11494,206,5,100,False,0,1524.897,-306.0,-1723.0,541.0,2022,Monaco Grand Prix
23,47,MEDIUM,25.0,22.5,70.0,1003.2,False,29.0,158,0.8,00:40.313,10919,210,5,100,False,0,1527.128,-311.0,-1745.0,542.0,2022,Monaco Grand Prix
23,47,MEDIUM,25.0,22.5,70.0,1003.2,False,29.0,158,0.8,00:40.475,10344,215,5,100,False,0,1536.841,-330.0,-1830.0,542.0,2022,Monaco Grand Prix
23,47,MEDIUM,25.0,22.5,70.0,1003.2,False,29.0,158,0.8,00:40.553,10490,219,5,100,False,0,1541.638,-346.0,-1884.0,542.0,2022,Monaco Grand Prix
23,47,MEDIUM,25.0,22.5,70.0,1003.2,False,29.0,158,0.8,00:40.773,10637,223,5,100,False,0,1555.54,-412.0,-2092.0,541.0,2022,Monaco Grand Prix
23,47,MEDIUM,25.0,22.5,70.0,1003.2,False,29.0,158,0.8,00:40.875,10784,227,6,100,False,0,1562.064,-441.0,-2178.0,540.0,2022,Monaco Grand Prix
23,47,MEDIUM,25.0,22.5,70.0,1003.2,False,29.0,158,0.8,00:41.035,11028,232,6,100,False,0,1572.375,-482.0,-2288.0,540.0,2022,Monaco Grand Prix
23,47,MEDIUM,25.0,22.5,70.0,1003.2,False,29.0,158,0.8,00:41.195,11319,237,6,100,False,0,1582.908,-516.0,-2373.0,540.0,2022,Monaco Grand Prix
23,47,MEDIUM,25.0,22.5,70.0,1003.2,False,29.0,158,0.8,00:41.293,10843,240,6,100,False,0,1589.475,-533.0,-2416.0,541.0,2022,Monaco Grand Prix
23,47,MEDIUM,25.0,22.5,70.0,1003.2,False,29.0,158,0.8,00:41.515,10367,243,6,100,False,0,1604.508,-562.0,-2488.0,541.0,2022,Monaco Grand Prix
23,47,MEDIUM,25.0,22.5,70.0,1003.2,False,29.0,158,0.8,00:41.613,10347,243,6,100,False,0,1611.095,-579.0,-2528.0,541.0,2022,Monaco Grand Prix
23,47,MEDIUM,25.0,22.5,70.0,1003.2,False,29.0,158,0.8,00:41.715,10327,243,7,100,False,0,1618.008,-601.0,-2580.0,541.0,2022,Monaco Grand Prix
23,47,MEDIUM,25.0,22.5,70.0,1003.2,False,29.0,158,0.8,00:41.852,10436,247,7,100,False,0,1627.543,-645.0,-2677.0,541.0,2022,Monaco Grand Prix
23,47,MEDIUM,25.0,22.5,70.0,1003.2,False,29.0,158,0.8,00:42.072,10545,251,7,100,False,0,1643.263,-752.0,-2889.0,541.0,2022,Monaco Grand Prix
23,47,MEDIUM,25.0,22.5,70.0,1003.2,False,29.0,158,0.8,00:42.115,10654,255,7,100,False,0,1646.341,-770.0,-2923.0,541.0,2022,Monaco Grand Prix
23,47,MEDIUM,25.0,22.5,70.0,1003.2,False,29.0,158,0.8,00:42.512,10807,257,7,100,False,0,1674.86,-911.0,-3118.0,542.0,2022,Monaco Grand Prix
23,47,MEDIUM,25.0,22.5,70.0,1003.2,False,29.0,158,0.8,00:42.555,10961,259,7,100,False,0,1677.997,-931.0,-3140.0,542.0,2022,Monaco Grand Prix
23,47,MEDIUM,25.0,22.5,70.0,1003.2,False,29.0,158,0.8,00:42.592,11090,261,7,100,False,0,1680.706,-950.0,-3161.0,542.0,2022,Monaco Grand Prix
23,47,MEDIUM,25.0,22.5,70.0,1003.2,False,29.0,158,0.8,00:42.812,11220,263,7,100,False,0,1696.978,-1066.0,-3274.0,542.0,2022,Monaco Grand Prix
23,47,MEDIUM,25.0,22.5,70.0,1003.2,False,29.0,158,0.8,00:42.834,11350,266,7,100,False,0,1698.612,-1077.0,-3284.0,542.0,2022,Monaco Grand Prix
23,47,MEDIUM,25.0,22.5,70.0,1003.2,False,29.0,158,0.8,00:43.012,11312,267,7,100,False,0,1711.858,-1177.0,-3360.0,542.0,2022,Monaco Grand Prix
23,47,MEDIUM,25.0,22.5,70.0,1003.2,False,29.0,158,0.8,00:43.114,11275,268,7,100,False,0,1719.456,-1241.0,-3401.0,541.0,2022,Monaco Grand Prix
23,47,MEDIUM,25.0,22.5,70.0,1003.2,False,29.0,158,0.8,00:43.273,11247,268,7,100,False,0,1731.305,-1351.0,-3463.0,541.0,2022,Monaco Grand Prix
23,47,MEDIUM,25.0,22.5,70.0,1003.2,False,29.0,158,0.8,00:43.354,11219,269,7,100,False,0,1737.39,-1406.0,-3491.0,540.0,2022,Monaco Grand Prix
23,47,MEDIUM,25.0,22.5,70.0,1003.2,False,29.0,158,0.8,00:43.493,11343,271,7,100,False,0,1747.957,-1502.0,-3537.0,541.0,2022,Monaco Grand Prix
23,47,MEDIUM,25.0,22.5,70.0,1003.2,False,29.0,158,0.8,00:43.773,11467,274,7,100,False,0,1769.611,-1697.0,-3628.0,540.0,2022,Monaco Grand Prix
23,47,MEDIUM,25.0,22.5,70.0,1003.2,False,29.0,158,0.8,00:43.794,11591,277,7,100,False,0,1771.245,-1711.0,-3635.0,539.0,2022,Monaco Grand Prix
23,47,MEDIUM,25.0,22.5,70.0,1003.2,False,29.0,158,0.8,00:43.953,11646,279,7,100,False,0,1783.653,-1821.0,-3690.0,540.0,2022,Monaco Grand Prix
23,47,MEDIUM,25.0,22.5,70.0,1003.2,False,29.0,158,0.8,00:44.194,11702,282,7,100,False,0,1802.579,-1989.0,-3775.0,540.0,2022,Monaco Grand Prix
23,47,MEDIUM,25.0,22.5,70.0,1003.2,False,29.0,158,0.8,00:44.213,11779,283,7,100,False,0,1804.076,-2002.0,-3782.0,541.0,2022,Monaco Grand Prix
23,47,MEDIUM,25.0,22.5,70.0,1003.2,False,29.0,158,0.8,00:44.433,11856,284,7,100,False,0,1821.474,-2150.0,-3857.0,541.0,2022,Monaco Grand Prix
23,47,MEDIUM,25.0,22.5,70.0,1003.2,False,29.0,158,0.8,00:44.555,11933,285,7,100,False,0,1831.158,-2292.0,-3926.0,540.0,2022,Monaco Grand Prix
23,47,MEDIUM,25.0,22.5,70.0,1003.2,False,29.0,158,0.8,00:44.593,11694,285,7,63,False,0,1834.178,-2334.0,-3947.0,541.0,2022,Monaco Grand Prix
23,47,MEDIUM,25.0,22.5,70.0,1003.2,False,29.0,158,0.8,00:44.715,11455,286,7,27,False,0,1843.869,-2432.0,-3994.0,540.0,2022,Monaco Grand Prix
23,47,MEDIUM,25.0,22.5,70.0,1003.2,False,29.0,158,0.8,00:44.955,11508,282,7,0,False,0,1862.669,-2540.0,-4041.0,541.0,2022,Monaco Grand Prix
23,47,MEDIUM,25.0,22.5,70.0,1003.2,False,29.0,158,0.8,00:45.013,11453,279,7,0,False,0,1867.106,-2579.0,-4057.0,542.0,2022,Monaco Grand Prix
23,47,MEDIUM,25.0,22.5,70.0,1003.2,False,29.0,158,0.8,00:45.113,11399,276,7,0,False,0,1874.66,-2658.0,-4089.0,543.0,2022,Monaco Grand Prix
23,47,MEDIUM,25.0,22.5,70.0,1003.2,False,29.0,158,0.8,00:45.195,11345,273,7,0,False,0,1880.869,-2718.0,-4112.0,542.0,2022,Monaco Grand Prix
23,47,MEDIUM,25.0,22.5,70.0,1003.2,False,29.0,158,0.8,00:45.333,11194,273,7,0,False,0,1891.359,-2814.0,-4148.0,542.0,2022,Monaco Grand Prix
23,47,MEDIUM,25.0,22.5,70.0,1003.2,False,29.0,158,0.8,00:45.355,11043,273,7,0,True,0,1893.002,-2829.0,-4153.0,541.0,2022,Monaco Grand Prix
23,47,MEDIUM,25.0,22.5,70.0,1003.2,False,29.0,158,0.8,00:45.533,10879,267,7,0,True,0,1905.917,-2954.0,-4195.0,542.0,2022,Monaco Grand Prix
23,47,MEDIUM,25.0,22.5,70.0,1003.2,False,29.0,158,0.8,00:45.555,10715,261,7,0,True,0,1907.502,-2969.0,-4199.0,541.0,2022,Monaco Grand Prix
23,47,MEDIUM,25.0,22.5,70.0,1003.2,False,29.0,158,0.8,00:45.835,9664,255,7,0,True,0,1927.336,-3155.0,-4251.0,538.0,2022,Monaco Grand Prix
23,47,MEDIUM,25.0,22.5,70.0,1003.2,False,29.0,158,0.8,00:45.893,9503,241,7,0,True,0,1931.105,-3193.0,-4260.0,537.0,2022,Monaco Grand Prix
23,47,MEDIUM,25.0,22.5,70.0,1003.2,False,29.0,158,0.8,00:45.995,9342,227,7,0,True,0,1937.424,-3257.0,-4273.0,534.0,2022,Monaco Grand Prix
23,47,MEDIUM,25.0,22.5,70.0,1003.2,False,29.0,158,0.8,00:46.053,9177,219,7,0,True,0,1940.886,-3293.0,-4281.0,533.0,2022,Monaco Grand Prix
23,47,MEDIUM,25.0,22.5,70.0,1003.2,False,29.0,158,0.8,00:46.293,9013,212,7,0,True,0,1954.429,-3435.0,-4305.0,527.0,2022,Monaco Grand Prix
23,47,MEDIUM,25.0,22.5,70.0,1003.2,False,29.0,158,0.8,00:46.315,8849,205,7,0,True,0,1955.647,-3447.0,-4306.0,526.0,2022,Monaco Grand Prix
23,47,MEDIUM,25.0,22.5,70.0,1003.2,False,29.0,158,0.8,00:46.413,8849,200,7,0,True,0,1961.038,-3502.0,-4315.0,524.0,2022,Monaco Grand Prix
23,47,MEDIUM,25.0,22.5,70.0,1003.2,False,29.0,158,0.8,00:46.475,8849,196,7,0,True,0,1964.358,-3534.0,-4319.0,522.0,2022,Monaco Grand Prix
23,47,MEDIUM,25.0,22.5,70.0,1003.2,False,29.0,158,0.8,00:46.633,9449,186,7,0,True,0,1972.328,-3612.0,-4328.0,518.0,2022,Monaco Grand Prix
23,47,MEDIUM,25.0,22.5,70.0,1003.2,False,29.0,158,0.8,00:46.755,10050,176,7,0,True,0,1978.047,-3674.0,-4334.0,515.0,2022,Monaco Grand Prix
23,47,MEDIUM,25.0,22.5,70.0,1003.2,False,29.0,158,0.8,00:46.933,9673,164,7,0,True,0,1985.766,-3762.0,-4343.0,511.0,2022,Monaco Grand Prix
23,47,MEDIUM,25.0,22.5,70.0,1003.2,False,29.0,158,0.8,00:47.035,9296,152,5,0,True,0,1989.869,-3805.0,-4347.0,508.0,2022,Monaco Grand Prix
23,47,MEDIUM,25.0,22.5,70.0,1003.2,False,29.0,158,0.8,00:47.093,9168,144,5,0,True,0,1992.101,-3829.0,-4350.0,507.0,2022,Monaco Grand Prix
23,47,MEDIUM,25.0,22.5,70.0,1003.2,False,29.0,158,0.8,00:47.313,9040,136,5,0,True,0,1999.97,-3913.0,-4359.0,503.0,2022,Monaco Grand Prix
23,47,MEDIUM,25.0,22.5,70.0,1003.2,False,29.0,158,0.8,00:47.395,8912,129,3,0,True,0,2002.769,-3941.0,-4362.0,501.0,2022,Monaco Grand Prix
23,47,MEDIUM,25.0,22.5,70.0,1003.2,False,29.0,158,0.8,00:47.573,8781,123,3,0,True,0,2008.633,-4000.0,-4371.0,500.0,2022,Monaco Grand Prix
23,47,MEDIUM,25.0,22.5,70.0,1003.2,False,29.0,158,0.8,00:47.595,8650,118,3,0,True,0,2009.324,-4006.0,-4372.0,499.0,2022,Monaco Grand Prix
23,47,MEDIUM,25.0,22.5,70.0,1003.2,False,29.0,158,0.8,00:47.793,8769,112,3,0,True,0,2015.158,-4062.0,-4384.0,498.0,2022,Monaco Grand Prix
23,47,MEDIUM,25.0,22.5,70.0,1003.2,False,29.0,158,0.8,00:47.795,8889,106,2,0,True,0,2015.213,-4062.0,-4384.0,497.0,2022,Monaco Grand Prix
23,47,MEDIUM,25.0,22.5,70.0,1003.2,False,29.0,158,0.8,00:47.973,8450,100,2,0,True,0,2019.905,-4102.0,-4398.0,496.0,2022,Monaco Grand Prix
23,47,MEDIUM,25.0,22.5,70.0,1003.2,False,29.0,158,0.8,00:48.232,8011,95,2,0,True,0,2026.142,-4152.0,-4434.0,492.0,2022,Monaco Grand Prix
23,47,MEDIUM,25.0,22.5,70.0,1003.2,False,29.0,158,0.8,00:48.235,7572,90,2,0,True,0,2026.213,-4152.0,-4434.0,491.0,2022,Monaco Grand Prix
23,47,MEDIUM,25.0,22.5,70.0,1003.2,False,29.0,158,0.8,00:48.392,7260,87,2,0,True,0,2029.901,-4169.0,-4458.0,493.0,2022,Monaco Grand Prix
23,47,MEDIUM,25.0,22.5,70.0,1003.2,False,29.0,158,0.8,00:48.555,6949,84,2,0,True,0,2033.68,-4199.0,-4510.0,491.0,2022,Monaco Grand Prix
23,47,MEDIUM,25.0,22.5,70.0,1003.2,False,29.0,158,0.8,00:48.612,6934,83,2,0,True,0,2034.995,-4211.0,-4529.0,491.0,2022,Monaco Grand Prix
23,47,MEDIUM,25.0,22.5,70.0,1003.2,False,29.0,158,0.8,00:48.715,6919,82,2,0,False,0,2037.324,-4228.0,-4556.0,490.0,2022,Monaco Grand Prix
23,47,MEDIUM,25.0,22.5,70.0,1003.2,False,29.0,158,0.8,00:48.972,6687,78,2,0,False,0,2042.681,-4260.0,-4598.0,490.0,2022,Monaco Grand Prix
23,47,MEDIUM,25.0,22.5,70.0,1003.2,False,29.0,158,0.8,00:48.995,6456,75,2,0,True,0,2043.158,-4262.0,-4600.0,489.0,2022,Monaco Grand Prix
23,47,MEDIUM,25.0,22.5,70.0,1003.2,False,29.0,158,0.8,00:49.195,6316,75,2,0,True,0,2047.324,-4277.0,-4615.0,489.0,2022,Monaco Grand Prix
23,47,MEDIUM,25.0,22.5,70.0,1003.2,False,29.0,158,0.8,00:49.312,6026,72,2,0,True,0,2049.625,-4294.0,-4624.0,490.0,2022,Monaco Grand Prix
23,47,MEDIUM,25.0,22.5,70.0,1003.2,False,29.0,158,0.8,00:49.394,5736,70,2,0,True,0,2051.194,-4311.0,-4630.0,490.0,2022,Monaco Grand Prix
23,47,MEDIUM,25.0,22.5,70.0,1003.2,False,29.0,158,0.8,00:49.594,5343,67,2,0,True,0,2054.916,-4364.0,-4646.0,490.0,2022,Monaco Grand Prix
23,47,MEDIUM,25.0,22.5,70.0,1003.2,False,29.0,158,0.8,00:49.652,5333,63,2,0,True,0,2055.932,-4377.0,-4649.0,490.0,2022,Monaco Grand Prix
23,47,MEDIUM,25.0,22.5,70.0,1003.2,False,29.0,158,0.8,00:49.914,5323,60,2,0,False,0,2060.249,-4406.0,-4651.0,489.0,2022,Monaco Grand Prix
23,47,MEDIUM,25.0,22.5,70.0,1003.2,False,29.0,158,0.8,00:50.013,5703,60,2,5,False,0,2061.882,-4418.0,-4651.0,490.0,2022,Monaco Grand Prix
23,47,MEDIUM,25.0,22.5,70.0,1003.2,False,29.0,158,0.8,00:50.114,6083,60,2,10,False,0,2063.583,-4433.0,-4650.0,490.0,2022,Monaco Grand Prix
23,47,MEDIUM,25.0,22.5,70.0,1003.2,False,29.0,158,0.8,00:50.253,6276,63,2,23,False,0,2066.019,-4459.0,-4648.0,490.0,2022,Monaco Grand Prix
23,47,MEDIUM,25.0,22.5,70.0,1003.2,False,29.0,158,0.8,00:50.514,6470,66,2,36,False,0,2070.916,-4513.0,-4637.0,490.0,2022,Monaco Grand Prix
23,47,MEDIUM,25.0,22.5,70.0,1003.2,False,29.0,158,0.8,00:50.533,6743,69,2,43,False,0,2071.291,-4517.0,-4637.0,490.0,2022,Monaco Grand Prix
23,47,MEDIUM,25.0,22.5,70.0,1003.2,False,29.0,158,0.8,00:50.813,7017,73,2,50,False,0,2077.114,-4565.0,-4625.0,490.0,2022,Monaco Grand Prix
23,47,MEDIUM,25.0,22.5,70.0,1003.2,False,29.0,158,0.8,00:50.954,7291,77,2,57,False,0,2080.327,-4608.0,-4615.0,490.0,2022,Monaco Grand Prix
23,47,MEDIUM,25.0,22.5,70.0,1003.2,False,29.0,158,0.8,00:51.155,7866,88,2,65,False,0,2085.241,-4675.0,-4602.0,490.0,2022,Monaco Grand Prix
23,47,MEDIUM,25.0,22.5,70.0,1003.2,False,29.0,158,0.8,00:51.173,8356,90,2,67,False,0,2085.691,-4680.0,-4602.0,490.0,2022,Monaco Grand Prix
23,47,MEDIUM,25.0,22.5,70.0,1003.2,False,29.0,158,0.8,00:51.315,8846,92,2,69,False,0,2089.329,-4699.0,-4599.0,489.0,2022,Monaco Grand Prix
23,47,MEDIUM,25.0,22.5,70.0,1003.2,False,29.0,158,0.8,00:51.453,9225,98,2,73,False,0,2093.196,-4718.0,-4600.0,490.0,2022,Monaco Grand Prix
23,47,MEDIUM,25.0,22.5,70.0,1003.2,False,29.0,158,0.8,00:51.595,9604,105,2,78,False,0,2097.496,-4755.0,-4601.0,490.0,2022,Monaco Grand Prix
23,47,MEDIUM,25.0,22.5,70.0,1003.2,False,29.0,158,0.8,00:51.773,10324,112,2,81,False,0,2103.277,-4813.0,-4605.0,490.0,2022,Monaco Grand Prix
23,47,MEDIUM,25.0,22.5,70.0,1003.2,False,29.0,158,0.8,00:51.875,11045,120,2,84,False,0,2106.829,-4843.0,-4608.0,489.0,2022,Monaco Grand Prix
23,47,MEDIUM,25.0,22.5,70.0,1003.2,False,29.0,158,0.8,00:51.973,10792,126,2,86,False,0,2110.427,-4873.0,-4612.0,489.0,2022,Monaco Grand Prix
23,47,MEDIUM,25.0,22.5,70.0,1003.2,False,29.0,158,0.8,00:52.133,10539,132,2,88,False,0,2116.633,-4929.0,-4621.0,489.0,2022,Monaco Grand Prix
23,47,MEDIUM,25.0,22.5,70.0,1003.2,False,29.0,158,0.8,00:52.235,10287,138,2,90,False,0,2120.629,-4967.0,-4627.0,489.0,2022,Monaco Grand Prix
23,47,MEDIUM,25.0,22.5,70.0,1003.2,False,29.0,158,0.8,00:52.353,10489,140,2,94,False,0,2125.253,-5013.0,-4634.0,489.0,2022,Monaco Grand Prix
23,47,MEDIUM,25.0,22.5,70.0,1003.2,False,29.0,158,0.8,00:52.475,10692,143,3,98,False,0,2130.163,-5062.0,-4640.0,489.0,2022,Monaco Grand Prix
23,47,MEDIUM,25.0,22.5,70.0,1003.2,False,29.0,158,0.8,00:52.513,10653,149,3,98,False,0,2131.746,-5078.0,-4643.0,489.0,2022,Monaco Grand Prix
23,47,MEDIUM,25.0,22.5,70.0,1003.2,False,29.0,158,0.8,00:52.733,10614,155,3,99,False,0,2141.416,-5173.0,-4657.0,489.0,2022,Monaco Grand Prix
23,47,MEDIUM,25.0,22.5,70.0,1003.2,False,29.0,158,0.8,00:52.875,10576,161,4,100,False,0,2148.052,-5237.0,-4666.0,489.0,2022,Monaco Grand Prix
23,47,MEDIUM,25.0,22.5,70.0,1003.2,False,29.0,158,0.8,00:52.993,10703,167,4,100,False,0,2153.781,-5293.0,-4674.0,490.0,2022,Monaco Grand Prix
23,47,MEDIUM,25.0,22.5,70.0,1003.2,False,29.0,158,0.8,00:53.193,10831,173,4,100,False,0,2163.865,-5390.0,-4686.0,490.0,2022,Monaco Grand Prix
23,47,MEDIUM,25.0,22.5,70.0,1003.2,False,29.0,158,0.8,00:53.275,10959,180,4,100,False,0,2168.052,-5429.0,-4691.0,489.0,2022,Monaco Grand Prix
23,47,MEDIUM,25.0,22.5,70.0,1003.2,False,29.0,158,0.8,00:53.333,10702,183,4,100,False,0,2171.027,-5459.0,-4695.0,490.0,2022,Monaco Grand Prix
23,47,MEDIUM,25.0,22.5,70.0,1003.2,False,29.0,158,0.8,00:53.555,10445,187,5,100,False,0,2182.596,-5602.0,-4712.0,490.0,2022,Monaco Grand Prix
23,47,MEDIUM,25.0,22.5,70.0,1003.2,False,29.0,158,0.8,00:53.673,10663,191,5,100,False,0,2188.962,-5681.0,-4722.0,490.0,2022,Monaco Grand Prix
23,47,MEDIUM,25.0,22.5,70.0,1003.2,False,29.0,158,0.8,00:53.795,10881,195,5,100,False,0,2195.596,-5756.0,-4730.0,489.0,2022,Monaco Grand Prix
23,47,MEDIUM,25.0,22.5,70.0,1003.2,False,29.0,158,0.8,00:54.075,11197,195,5,100,False,0,2210.763,-5906.0,-4746.0,489.0,2022,Monaco Grand Prix
23,47,MEDIUM,25.0,22.5,70.0,1003.2,False,29.0,158,0.8,00:54.133,11391,201,5,100,False,0,2214.02,-5934.0,-4749.0,489.0,2022,Monaco Grand Prix
23,47,MEDIUM,25.0,22.5,70.0,1003.2,False,29.0,158,0.8,00:54.355,11586,208,5,100,False,0,2226.941,-6028.0,-4759.0,488.0,2022,Monaco Grand Prix
23,47,MEDIUM,25.0,22.5,70.0,1003.2,False,29.0,158,0.8,00:54.515,11586,217,5,100,False,0,2236.585,-6111.0,-4767.0,488.0,2022,Monaco Grand Prix
23,47,MEDIUM,25.0,22.5,70.0,1003.2,False,29.0,158,0.8,00:54.533,11337,216,5,66,False,0,2237.678,-6123.0,-4768.0,489.0,2022,Monaco Grand Prix
23,47,MEDIUM,25.0,22.5,70.0,1003.2,False,29.0,158,0.8,00:54.753,11089,216,5,33,False,0,2250.871,-6278.0,-4780.0,490.0,2022,Monaco Grand Prix
23,47,MEDIUM,25.0,22.5,70.0,1003.2,False,29.0,158,0.8,00:54.755,10841,216,5,0,True,0,2250.985,-6279.0,-4780.0,490.0,2022,Monaco Grand Prix
23,47,MEDIUM,25.0,22.5,70.0,1003.2,False,29.0,158,0.8,00:55.032,10561,201,5,0,True,0,2265.605,-6415.0,-4788.0,490.0,2022,Monaco Grand Prix
23,47,MEDIUM,25.0,22.5,70.0,1003.2,False,29.0,158,0.8,00:55.115,10281,187,5,0,True,0,2269.685,-6454.0,-4790.0,490.0,2022,Monaco Grand Prix
23,47,MEDIUM,25.0,22.5,70.0,1003.2,False,29.0,158,0.8,00:55.355,10021,169,4,0,True,0,2280.952,-6570.0,-4800.0,490.0,2022,Monaco Grand Prix
23,47,MEDIUM,25.0,22.5,70.0,1003.2,False,29.0,158,0.8,00:55.372,9839,166,4,0,True,0,2281.72,-6578.0,-4802.0,491.0,2022,Monaco Grand Prix
23,47,MEDIUM,25.0,22.5,70.0,1003.2,False,29.0,158,0.8,00:55.492,9657,163,4,0,True,0,2287.051,-6628.0,-4811.0,491.0,2022,Monaco Grand Prix
23,47,MEDIUM,25.0,22.5,70.0,1003.2,False,29.0,158,0.8,00:55.515,9476,160,4,0,True,0,2288.063,-6637.0,-4813.0,491.0,2022,Monaco Grand Prix
23,47,MEDIUM,25.0,22.5,70.0,1003.2,False,29.0,158,0.8,00:55.672,9384,158,4,0,True,0,2294.915,-6696.0,-4833.0,491.0,2022,Monaco Grand Prix
23,47,MEDIUM,25.0,22.5,70.0,1003.2,False,29.0,158,0.8,00:55.755,9293,156,4,0,True,0,2298.463,-6724.0,-4845.0,490.0,2022,Monaco Grand Prix
23,47,MEDIUM,25.0,22.5,70.0,1003.2,False,29.0,158,0.8,00:55.932,9082,152,4,0,True,0,2305.806,-6786.0,-4885.0,490.0,2022,Monaco Grand Prix
23,47,MEDIUM,25.0,22.5,70.0,1003.2,False,29.0,158,0.8,00:56.074,8872,148,4,1,False,0,2311.577,-6851.0,-4945.0,488.0,2022,Monaco Grand Prix
23,47,MEDIUM,25.0,22.5,70.0,1003.2,False,29.0,158,0.8,00:56.172,9038,146,4,18,False,0,2315.541,-6891.0,-4985.0,488.0,2022,Monaco Grand Prix
23,47,MEDIUM,25.0,22.5,70.0,1003.2,False,29.0,158,0.8,00:56.394,9204,145,4,36,False,0,2324.466,-6931.0,-5030.0,486.0,2022,Monaco Grand Prix
23,47,MEDIUM,25.0,22.5,70.0,1003.2,False,29.0,158,0.8,00:56.553,9242,145,4,53,False,0,2330.869,-6955.0,-5065.0,486.0,2022,Monaco Grand Prix
23,47,MEDIUM,25.0,22.5,70.0,1003.2,False,29.0,158,0.8,00:56.554,9280,145,4,71,False,0,2330.911,-6955.0,-5065.0,485.0,2022,Monaco Grand Prix
23,47,MEDIUM,25.0,22.5,70.0,1003.2,False,29.0,158,0.8,00:56.773,9541,149,4,72,False,0,2340.235,-7011.0,-5149.0,485.0,2022,Monaco Grand Prix
23,47,MEDIUM,25.0,22.5,70.0,1003.2,False,29.0,158,0.8,00:56.834,9802,154,4,74,False,0,2342.888,-7025.0,-5172.0,484.0,2022,Monaco Grand Prix
23,47,MEDIUM,25.0,22.5,70.0,1003.2,False,29.0,158,0.8,00:57.073,10067,157,4,78,False,0,2353.412,-7078.0,-5277.0,483.0,2022,Monaco Grand Prix
23,47,MEDIUM,25.0,22.5,70.0,1003.2,False,29.0,158,0.8,00:57.154,10332,160,4,83,False,0,2357.111,-7099.0,-5329.0,482.0,2022,Monaco Grand Prix
23,47,MEDIUM,25.0,22.5,70.0,1003.2,False,29.0,158,0.8,00:57.253,10606,164,4,86,False,0,2361.755,-7125.0,-5394.0,483.0,2022,Monaco Grand Prix
23,47,MEDIUM,25.0,22.5,70.0,1003.2,False,29.0,158,0.8,00:57.493,10880,169,4,90,False,0,2373.469,-7156.0,-5500.0,483.0,2022,Monaco Grand Prix
23,47,MEDIUM,25.0,22.5,70.0,1003.2,False,29.0,158,0.8,00:57.514,11154,174,4,94,False,0,2374.511,-7158.0,-5511.0,482.0,2022,Monaco Grand Prix
23,47,MEDIUM,25.0,22.5,70.0,1003.2,False,29.0,158,0.8,00:57.733,10703,179,4,97,False,0,2385.509,-7186.0,-5651.0,482.0,2022,Monaco Grand Prix
23,47,MEDIUM,25.0,22.5,70.0,1003.2,False,29.0,158,0.8,00:57.915,10252,184,4,100,False,0,2395.006,-7198.0,-5725.0,481.0,2022,Monaco Grand Prix
23,47,MEDIUM,25.0,22.5,70.0,1003.2,False,29.0,158,0.8,00:58.113,10618,192,4,99,False,0,2405.851,-7206.0,-5792.0,482.0,2022,Monaco Grand Prix
23,47,MEDIUM,25.0,22.5,70.0,1003.2,False,29.0,158,0.8,00:58.275,10985,200,5,99,False,0,2415.006,-7214.0,-5868.0,482.0,2022,Monaco Grand Prix
23,47,MEDIUM,25.0,22.5,70.0,1003.2,False,29.0,158,0.8,00:58.373,11144,203,5,97,False,0,2420.624,-7218.0,-5935.0,482.0,2022,Monaco Grand Prix
23,47,MEDIUM,25.0,22.5,70.0,1003.2,False,29.0,158,0.8,00:58.435,11304,207,5,95,False,0,2424.206,-7219.0,-5987.0,481.0,2022,Monaco Grand Prix
23,47,MEDIUM,25.0,22.5,70.0,1003.2,False,29.0,158,0.8,00:58.533,10706,209,5,85,False,0,2429.907,-7220.0,-6071.0,482.0,2022,Monaco Grand Prix
23,47,MEDIUM,25.0,22.5,70.0,1003.2,False,29.0,158,0.8,00:58.795,10108,211,6,76,False,0,2445.306,-7219.0,-6178.0,482.0,2022,Monaco Grand Prix
23,47,MEDIUM,25.0,22.5,70.0,1003.2,False,29.0,158,0.8,00:58.893,10096,211,6,77,False,0,2451.074,-7206.0,-6224.0,482.0,2022,Monaco Grand Prix
23,47,MEDIUM,25.0,22.5,70.0,1003.2,False,29.0,158,0.8,00:58.955,10084,212,6,78,False,0,2454.728,-7191.0,-6262.0,481.0,2022,Monaco Grand Prix
23,47,MEDIUM,25.0,22.5,70.0,1003.2,False,29.0,158,0.8,00:59.133,10100,212,6,69,False,0,2465.264,-7131.0,-6393.0,481.0,2022,Monaco Grand Prix
23,47,MEDIUM,25.0,22.5,70.0,1003.2,False,29.0,158,0.8,00:59.275,10116,213,6,61,False,0,2473.662,-7075.0,-6481.0,480.0,2022,Monaco Grand Prix
23,47,MEDIUM,25.0,22.5,70.0,1003.2,False,29.0,158,0.8,00:59.573,10113,212,6,61,False,0,2491.203,-6967.0,-6624.0,481.0,2022,Monaco Grand Prix
23,47,MEDIUM,25.0,22.5,70.0,1003.2,False,29.0,158,0.8,00:59.595,10111,212,6,61,False,0,2492.506,-6961.0,-6633.0,480.0,2022,Monaco Grand Prix
23,47,MEDIUM,25.0,22.5,70.0,1003.2,False,29.0,158,0.8,00:59.915,10214,215,6,46,False,0,2511.617,-6920.0,-6757.0,480.0,2022,Monaco Grand Prix
23,47,MEDIUM,25.0,22.5,70.0,1003.2,False,29.0,158,0.8,00:59.993,10127,215,6,50,False,0,2516.27,-6910.0,-6795.0,480.0,2022,Monaco Grand Prix
23,47,MEDIUM,25.0,22.5,70.0,1003.2,False,29.0,158,0.8,01:00.155,10040,215,6,55,False,0,2525.951,-6883.0,-6887.0,479.0,2022,Monaco Grand Prix
23,47,MEDIUM,25.0,22.5,70.0,1003.2,False,29.0,158,0.8,01:00.233,9780,215,6,37,False,0,2530.652,-6870.0,-6933.0,479.0,2022,Monaco Grand Prix
23,47,MEDIUM,25.0,22.5,70.0,1003.2,False,29.0,158,0.8,01:00.355,9521,215,6,19,True,0,2537.895,-6851.0,-7002.0,478.0,2022,Monaco Grand Prix
23,47,MEDIUM,25.0,22.5,70.0,1003.2,False,29.0,158,0.8,01:00.453,9508,209,6,12,True,0,2543.406,-6838.0,-7057.0,479.0,2022,Monaco Grand Prix
23,47,MEDIUM,25.0,22.5,70.0,1003.2,False,29.0,158,0.8,01:00.573,9496,203,6,6,True,0,2549.862,-6823.0,-7123.0,479.0,2022,Monaco Grand Prix
23,47,MEDIUM,25.0,22.5,70.0,1003.2,False,29.0,158,0.8,01:00.595,9484,197,6,0,True,0,2551.028,-6820.0,-7134.0,478.0,2022,Monaco Grand Prix
23,47,MEDIUM,25.0,22.5,70.0,1003.2,False,29.0,158,0.8,01:00.813,9459,190,6,0,True,0,2562.253,-6799.0,-7244.0,479.0,2022,Monaco Grand Prix
23,47,MEDIUM,25.0,22.5,70.0,1003.2,False,29.0,158,0.8,01:00.875,9435,183,6,0,True,0,2565.262,-6794.0,-7272.0,479.0,2022,Monaco Grand Prix
23,47,MEDIUM,25.0,22.5,70.0,1003.2,False,29.0,158,0.8,01:01.033,9645,171,6,0,True,0,2572.478,-6782.0,-7352.0,479.0,2022,Monaco Grand Prix
23,47,MEDIUM,25.0,22.5,70.0,1003.2,False,29.0,158,0.8,01:01.195,9855,160,5,0,True,0,2579.484,-6766.0,-7469.0,478.0,2022,Monaco Grand Prix
23,47,MEDIUM,25.0,22.5,70.0,1003.2,False,29.0,158,0.8,01:01.233,9514,156,5,0,True,0,2581.112,-6764.0,-7492.0,479.0,2022,Monaco Grand Prix
23,47,MEDIUM,25.0,22.5,70.0,1003.2,False,29.0,158,0.8,01:01.475,9174,153,4,0,True,0,2591.384,-6757.0,-7556.0,479.0,2022,Monaco Grand Prix
23,47,MEDIUM,25.0,22.5,70.0,1003.2,False,29.0,158,0.8,01:01.532,9533,152,4,0,True,0,2593.797,-6756.0,-7575.0,480.0,2022,Monaco Grand Prix
23,47,MEDIUM,25.0,22.5,70.0,1003.2,False,29.0,158,0.8,01:01.635,9893,151,4,0,True,0,2598.095,-6753.0,-7623.0,479.0,2022,Monaco Grand Prix
23,47,MEDIUM,25.0,22.5,70.0,1003.2,False,29.0,158,0.8,01:01.852,9609,145,4,0,True,0,2606.515,-6746.0,-7750.0,479.0,2022,Monaco Grand Prix
23,47,MEDIUM,25.0,22.5,70.0,1003.2,False,29.0,158,0.8,01:01.875,9326,139,3,0,True,0,2607.362,-6745.0,-7760.0,478.0,2022,Monaco Grand Prix
23,47,MEDIUM,25.0,22.5,70.0,1003.2,False,29.0,158,0.8,01:02.115,8813,127,3,0,True,0,2615.828,-6744.0,-7828.0,478.0,2022,Monaco Grand Prix
23,47,MEDIUM,25.0,22.5,70.0,1003.2,False,29.0,158,0.8,01:02.352,8627,126,3,0,True,0,2624.167,-6754.0,-7878.0,479.0,2022,Monaco Grand Prix
23,47,MEDIUM,25.0,22.5,70.0,1003.2,False,29.0,158,0.8,01:02.395,8441,126,3,0,True,0,2625.628,-6757.0,-7889.0,479.0,2022,Monaco Grand Prix
23,47,MEDIUM,25.0,22.5,70.0,1003.2,False,29.0,158,0.8,01:02.552,8384,121,3,0,True,0,2630.759,-6773.0,-7935.0,479.0,2022,Monaco Grand Prix
23,47,MEDIUM,25.0,22.5,70.0,1003.2,False,29.0,158,0.8,01:02.635,8327,117,3,0,False,0,2633.428,-6785.0,-7954.0,478.0,2022,Monaco Grand Prix
23,47,MEDIUM,25.0,22.5,70.0,1003.2,False,29.0,158,0.8,01:02.652,8217,116,3,3,False,0,2633.976,-6789.0,-7959.0,479.0,2022,Monaco Grand Prix
23,47,MEDIUM,25.0,22.5,70.0,1003.2,False,29.0,158,0.8,01:02.914,8107,116,3,6,True,0,2642.418,-6858.0,-8023.0,479.0,2022,Monaco Grand Prix
23,47,MEDIUM,25.0,22.5,70.0,1003.2,False,29.0,158,0.8,01:02.973,7996,114,3,4,True,0,2644.288,-6871.0,-8037.0,479.0,2022,Monaco Grand Prix
23,47,MEDIUM,25.0,22.5,70.0,1003.2,False,29.0,158,0.8,01:03.133,7885,113,3,2,True,0,2649.272,-6890.0,-8081.0,479.0,2022,Monaco Grand Prix
23,47,MEDIUM,25.0,22.5,70.0,1003.2,False,29.0,158,0.8,01:03.194,7775,112,3,0,False,0,2651.129,-6894.0,-8113.0,479.0,2022,Monaco Grand Prix
23,47,MEDIUM,25.0,22.5,70.0,1003.2,False,29.0,158,0.8,01:03.293,7738,109,3,5,False,0,2654.091,-6898.0,-8173.0,479.0,2022,Monaco Grand Prix
23,47,MEDIUM,25.0,22.5,70.0,1003.2,False,29.0,158,0.8,01:03.554,7701,106,3,11,False,0,2661.729,-6896.0,-8237.0,478.0,2022,Monaco Grand Prix
23,47,MEDIUM,25.0,22.5,70.0,1003.2,False,29.0,158,0.8,01:03.753,7970,107,3,24,False,0,2667.643,-6889.0,-8267.0,478.0,2022,Monaco Grand Prix
23,47,MEDIUM,25.0,22.5,70.0,1003.2,False,29.0,158,0.8,01:04.033,8240,108,3,38,False,0,2676.231,-6873.0,-8355.0,477.0,2022,Monaco Grand Prix
23,47,MEDIUM,25.0,22.5,70.0,1003.2,False,29.0,158,0.8,01:04.034,8510,109,3,52,False,0,2676.263,-6872.0,-8355.0,476.0,2022,Monaco Grand Prix
23,47,MEDIUM,25.0,22.5,70.0,1003.2,False,29.0,158,0.8,01:04.193,8655,112,3,59,False,0,2681.351,-6861.0,-8404.0,477.0,2022,Monaco Grand Prix
23,47,MEDIUM,25.0,22.5,70.0,1003.2,False,29.0,158,0.8,01:04.315,8801,116,3,67,False,0,2685.317,-6850.0,-8442.0,477.0,2022,Monaco Grand Prix
23,47,MEDIUM,25.0,22.5,70.0,1003.2,False,29.0,158,0.8,01:04.353,9038,117,3,72,False,0,2686.557,-6847.0,-8455.0,477.0,2022,Monaco Grand Prix
23,47,MEDIUM,25.0,22.5,70.0,1003.2,False,29.0,158,0.8,01:04.553,9276,118,3,77,False,0,2693.247,-6825.0,-8520.0,476.0,2022,Monaco Grand Prix
23,47,MEDIUM,25.0,22.5,70.0,1003.2,False,29.0,158,0.8,01:04.555,9514,120,3,82,False,0,2693.317,-6824.0,-8520.0,475.0,2022,Monaco Grand Prix
23,47,MEDIUM,25.0,22.5,70.0,1003.2,False,29.0,158,0.8,01:04.875,10112,136,3,89,False,0,2705.406,-6766.0,-8661.0,477.0,2022,Monaco Grand Prix
23,47,MEDIUM,25.0,22.5,70.0,1003.2,False,29.0,158,0.8,01:04.893,10182,140,3,89,False,0,2706.117,-6764.0,-8668.0,478.0,2022,Monaco Grand Prix
23,47,MEDIUM,25.0,22.5,70.0,1003.2,False,29.0,158,0.8,01:05.035,10252,145,3,89,False,0,2711.851,-6744.0,-8709.0,478.0,2022,Monaco Grand Prix
23,47,MEDIUM,25.0,22.5,70.0,1003.2,False,29.0,158,0.8,01:05.213,10223,151,3,91,False,0,2719.622,-6719.0,-8758.0,478.0,2022,Monaco Grand Prix
23,47,MEDIUM,25.0,22.5,70.0,1003.2,False,29.0,158,0.8,01:05.315,10194,158,3,94,False,0,2724.139,-6697.0,-8795.0,477.0,2022,Monaco Grand Prix
23,47,MEDIUM,25.0,22.5,70.0,1003.2,False,29.0,158,0.8,01:05.393,10194,158,3,94,False,0,2727.542,-6681.0,-8822.0,478.0,2022,Monaco Grand Prix
23,47,MEDIUM,25.0,22.5,70.0,1003.2,False,29.0,158,0.8,01:05.515,10194,158,4,95,False,0,2732.917,-6661.0,-8852.0,477.0,2022,Monaco Grand Prix
23,47,MEDIUM,25.0,22.5,70.0,1003.2,False,29.0,158,0.8,01:05.673,10427,163,4,94,False,0,2740.335,-6639.0,-8885.0,478.0,2022,Monaco Grand Prix
23,47,MEDIUM,25.0,22.5,70.0,1003.2,False,29.0,158,0.8,01:05.833,10660,169,4,93,False,0,2748.269,-6604.0,-8932.0,478.0,2022,Monaco Grand Prix
23,47,MEDIUM,25.0,22.5,70.0,1003.2,False,29.0,158,0.8,01:05.955,10894,175,4,92,False,0,2754.306,-6569.0,-8975.0,477.0,2022,Monaco Grand Prix
23,47,MEDIUM,25.0,22.5,70.0,1003.2,False,29.0,158,0.8,01:06.113,10806,175,4,51,False,0,2762.035,-6518.0,-9036.0,477.0,2022,Monaco Grand Prix
23,47,MEDIUM,25.0,22.5,70.0,1003.2,False,29.0,158,0.8,01:06.155,10718,175,4,10,True,0,2764.028,-6503.0,-9051.0,477.0,2022,Monaco Grand Prix
23,47,MEDIUM,25.0,22.5,70.0,1003.2,False,29.0,158,0.8,01:06.273,10375,168,4,5,True,0,2769.442,-6464.0,-9091.0,478.0,2022,Monaco Grand Prix
23,47,MEDIUM,25.0,22.5,70.0,1003.2,False,29.0,158,0.8,01:06.515,10032,161,4,0,True,0,2780.128,-6389.0,-9160.0,478.0,2022,Monaco Grand Prix
23,47,MEDIUM,25.0,22.5,70.0,1003.2,False,29.0,158,0.8,01:06.533,9844,161,4,0,True,0,2780.937,-6383.0,-9166.0,479.0,2022,Monaco Grand Prix
23,47,MEDIUM,25.0,22.5,70.0,1003.2,False,29.0,158,0.8,01:06.633,9656,161,4,0,True,0,2785.451,-6342.0,-9200.0,479.0,2022,Monaco Grand Prix
23,47,MEDIUM,25.0,22.5,70.0,1003.2,False,29.0,158,0.8,01:06.675,9469,161,4,0,True,0,2787.284,-6326.0,-9212.0,478.0,2022,Monaco Grand Prix
23,47,MEDIUM,25.0,22.5,70.0,1003.2,False,29.0,158,0.8,01:06.813,9110,150,4,0,True,0,2792.917,-6282.0,-9246.0,478.0,2022,Monaco Grand Prix
23,47,MEDIUM,25.0,22.5,70.0,1003.2,False,29.0,158,0.8,01:06.955,8752,140,4,0,True,0,2798.173,-6235.0,-9280.0,478.0,2022,Monaco Grand Prix
23,47,MEDIUM,25.0,22.5,70.0,1003.2,False,29.0,158,0.8,01:07.093,8454,127,4,0,True,0,2802.841,-6191.0,-9312.0,480.0,2022,Monaco Grand Prix
23,47,MEDIUM,25.0,22.5,70.0,1003.2,False,29.0,158,0.8,01:07.275,8156,115,4,0,True,0,2808.395,-6139.0,-9349.0,480.0,2022,Monaco Grand Prix
23,47,MEDIUM,25.0,22.5,70.0,1003.2,False,29.0,158,0.8,01:07.333,8195,106,4,0,True,0,2810.039,-6124.0,-9360.0,481.0,2022,Monaco Grand Prix
23,47,MEDIUM,25.0,22.5,70.0,1003.2,False,29.0,158,0.8,01:07.515,8234,97,3,0,True,0,2814.862,-6080.0,-9390.0,481.0,2022,Monaco Grand Prix
23,47,MEDIUM,25.0,22.5,70.0,1003.2,False,29.0,158,0.8,01:07.533,7893,94,3,0,True,0,2815.32,-6077.0,-9393.0,482.0,2022,Monaco Grand Prix
23,47,MEDIUM,25.0,22.5,70.0,1003.2,False,29.0,158,0.8,01:07.733,7552,91,3,0,True,0,2820.209,-6038.0,-9423.0,483.0,2022,Monaco Grand Prix
23,47,MEDIUM,25.0,22.5,70.0,1003.2,False,29.0,158,0.8,01:07.755,7211,88,2,0,True,0,2820.728,-6034.0,-9426.0,483.0,2022,Monaco Grand Prix
23,47,MEDIUM,25.0,22.5,70.0,1003.2,False,29.0,158,0.8,01:07.955,6501,82,2,0,True,0,2825.284,-6000.0,-9453.0,483.0,2022,Monaco Grand Prix
23,47,MEDIUM,25.0,22.5,70.0,1003.2,False,29.0,158,0.8,01:07.992,6333,79,2,0,True,0,2826.094,-5993.0,-9460.0,484.0,2022,Monaco Grand Prix
23,47,MEDIUM,25.0,22.5,70.0,1003.2,False,29.0,158,0.8,01:08.115,6166,77,2,0,True,0,2828.706,-5965.0,-9486.0,483.0,2022,Monaco Grand Prix
23,47,MEDIUM,25.0,22.5,70.0,1003.2,False,29.0,158,0.8,01:08.152,5836,73,2,0,True,0,2829.463,-5958.0,-9494.0,484.0,2022,Monaco Grand Prix
23,47,MEDIUM,25.0,22.5,70.0,1003.2,False,29.0,158,0.8,01:08.395,5506,70,2,0,True,0,2834.151,-5937.0,-9518.0,484.0,2022,Monaco Grand Prix
23,47,MEDIUM,25.0,22.5,70.0,1003.2,False,29.0,158,0.8,01:08.452,5567,68,2,0,True,0,2835.209,-5936.0,-9525.0,485.0,2022,Monaco Grand Prix
23,47,MEDIUM,25.0,22.5,70.0,1003.2,False,29.0,158,0.8,01:08.595,5628,66,2,0,True,0,2837.817,-5932.0,-9549.0,485.0,2022,Monaco Grand Prix
23,47,MEDIUM,25.0,22.5,70.0,1003.2,False,29.0,158,0.8,01:08.832,5455,65,2,0,True,0,2842.032,-5935.0,-9596.0,487.0,2022,Monaco Grand Prix
23,47,MEDIUM,25.0,22.5,70.0,1003.2,False,29.0,158,0.8,01:08.835,5282,64,2,0,True,0,2842.084,-5935.0,-9596.0,487.0,2022,Monaco Grand Prix
23,47,MEDIUM,25.0,22.5,70.0,1003.2,False,29.0,158,0.8,01:09.172,5110,62,2,0,True,0,2847.713,-5969.0,-9632.0,487.0,2022,Monaco Grand Prix
23,47,MEDIUM,25.0,22.5,70.0,1003.2,False,29.0,158,0.8,01:09.195,4939,60,2,0,True,0,2848.084,-5972.0,-9634.0,487.0,2022,Monaco Grand Prix
23,47,MEDIUM,25.0,22.5,70.0,1003.2,False,29.0,158,0.8,01:09.372,4873,58,2,0,True,0,2850.895,-5998.0,-9651.0,489.0,2022,Monaco Grand Prix
23,47,MEDIUM,25.0,22.5,70.0,1003.2,False,29.0,158,0.8,01:09.474,4807,57,2,0,False,0,2852.501,-6012.0,-9660.0,489.0,2022,Monaco Grand Prix
23,47,MEDIUM,25.0,22.5,70.0,1003.2,False,29.0,158,0.8,01:09.653,4861,57,2,3,False,0,2855.328,-6037.0,-9675.0,490.0,2022,Monaco Grand Prix
23,47,MEDIUM,25.0,22.5,70.0,1003.2,False,29.0,158,0.8,01:09.833,4916,57,2,6,False,0,2858.185,-6061.0,-9690.0,493.0,2022,Monaco Grand Prix
23,47,MEDIUM,25.0,22.5,70.0,1003.2,False,29.0,158,0.8,01:09.834,4971,57,2,9,False,0,2858.201,-6061.0,-9690.0,493.0,2022,Monaco Grand Prix
23,47,MEDIUM,25.0,22.5,70.0,1003.2,False,29.0,158,0.8,01:10.034,5558,58,2,16,False,0,2861.424,-6110.0,-9712.0,495.0,2022,Monaco Grand Prix
23,47,MEDIUM,25.0,22.5,70.0,1003.2,False,29.0,158,0.8,01:10.073,5558,59,2,17,False,0,2862.072,-6119.0,-9716.0,496.0,2022,Monaco Grand Prix
23,47,MEDIUM,25.0,22.5,70.0,1003.2,False,29.0,158,0.8,01:10.194,5558,61,2,18,False,0,2864.135,-6135.0,-9722.0,496.0,2022,Monaco Grand Prix
23,47,MEDIUM,25.0,22.5,70.0,1003.2,False,29.0,158,0.8,01:10.354,5963,64,2,29,False,0,2866.979,-6146.0,-9724.0,496.0,2022,Monaco Grand Prix
23,47,MEDIUM,25.0,22.5,70.0,1003.2,False,29.0,158,0.8,01:10.413,6202,66,2,35,False,0,2868.076,-6154.0,-9726.0,497.0,2022,Monaco Grand Prix
23,47,MEDIUM,25.0,22.5,70.0,1003.2,False,29.0,158,0.8,01:10.633,6441,69,2,41,False,0,2872.434,-6203.0,-9737.0,501.0,2022,Monaco Grand Prix
23,47,MEDIUM,25.0,22.5,70.0,1003.2,False,29.0,158,0.8,01:10.714,6680,72,2,47,False,0,2874.179,-6234.0,-9742.0,502.0,2022,Monaco Grand Prix
23,47,MEDIUM,25.0,22.5,70.0,1003.2,False,29.0,158,0.8,01:10.853,7266,78,2,55,False,0,2877.364,-6291.0,-9752.0,505.0,2022,Monaco Grand Prix
23,47,MEDIUM,25.0,22.5,70.0,1003.2,False,29.0,158,0.8,01:11.115,7853,85,2,63,False,0,2883.647,-6331.0,-9757.0,506.0,2022,Monaco Grand Prix
23,47,MEDIUM,25.0,22.5,70.0,1003.2,False,29.0,158,0.8,01:11.173,8244,85,2,67,False,0,2884.989,-6342.0,-9758.0,507.0,2022,Monaco Grand Prix
23,47,MEDIUM,25.0,22.5,70.0,1003.2,False,29.0,158,0.8,01:11.315,8636,85,2,71,False,8,2888.369,-6380.0,-9761.0,508.0,2022,Monaco Grand Prix
23,47,MEDIUM,25.0,22.5,70.0,1003.2,False,29.0,158,0.8,01:11.513,8709,95,2,35,False,8,2894.05,-6444.0,-9766.0,512.0,2022,Monaco Grand Prix
23,47,MEDIUM,25.0,22.5,70.0,1003.2,False,29.0,158,0.8,01:11.675,8782,106,2,0,True,8,2898.969,-6478.0,-9768.0,513.0,2022,Monaco Grand Prix
23,47,MEDIUM,25.0,22.5,70.0,1003.2,False,29.0,158,0.8,01:11.793,8689,105,2,0,True,8,2902.412,-6509.0,-9767.0,515.0,2022,Monaco Grand Prix
23,47,MEDIUM,25.0,22.5,70.0,1003.2,False,29.0,158,0.8,01:11.835,8597,104,2,0,True,8,2903.592,-6523.0,-9765.0,515.0,2022,Monaco Grand Prix
23,47,MEDIUM,25.0,22.5,70.0,1003.2,False,29.0,158,0.8,01:12.073,8230,98,2,0,True,8,2909.783,-6621.0,-9753.0,520.0,2022,Monaco Grand Prix
23,47,MEDIUM,25.0,22.5,70.0,1003.2,False,29.0,158,0.8,01:12.115,7863,93,2,0,True,8,2910.825,-6633.0,-9750.0,520.0,2022,Monaco Grand Prix
23,47,MEDIUM,25.0,22.5,70.0,1003.2,False,29.0,158,0.8,01:12.515,7199,85,2,0,True,8,2920.269,-6691.0,-9727.0,520.0,2022,Monaco Grand Prix
23,47,MEDIUM,25.0,22.5,70.0,1003.2,False,29.0,158,0.8,01:12.553,7115,83,2,0,True,8,2921.12,-6697.0,-9723.0,520.0,2022,Monaco Grand Prix
23,47,MEDIUM,25.0,22.5,70.0,1003.2,False,29.0,158,0.8,01:12.753,7031,81,2,0,True,8,2925.495,-6729.0,-9697.0,519.0,2022,Monaco Grand Prix
23,47,MEDIUM,25.0,22.5,70.0,1003.2,False,29.0,158,0.8,01:12.795,6947,79,2,0,False,8,2926.414,-6734.0,-9691.0,518.0,2022,Monaco Grand Prix
23,47,MEDIUM,25.0,22.5,70.0,1003.2,False,29.0,158,0.8,01:12.933,6805,79,2,0,False,8,2929.446,-6751.0,-9668.0,517.0,2022,Monaco Grand Prix
23,47,MEDIUM,25.0,22.5,70.0,1003.2,False,29.0,158,0.8,01:12.955,6664,79,2,0,False,8,2929.925,-6754.0,-9661.0,516.0,2022,Monaco Grand Prix
23,47,MEDIUM,25.0,22.5,70.0,1003.2,False,29.0,158,0.8,01:13.093,6560,78,2,0,False,8,2932.884,-6781.0,-9606.0,513.0,2022,Monaco Grand Prix
23,47,MEDIUM,25.0,22.5,70.0,1003.2,False,29.0,158,0.8,01:13.115,6457,77,2,0,False,8,2933.347,-6784.0,-9598.0,512.0,2022,Monaco Grand Prix
23,47,MEDIUM,25.0,22.5,70.0,1003.2,False,29.0,158,0.8,01:13.355,7203,75,2,23,False,8,2938.347,-6799.0,-9551.0,510.0,2022,Monaco Grand Prix
23,47,MEDIUM,25.0,22.5,70.0,1003.2,False,29.0,158,0.8,01:13.573,7200,77,2,27,False,8,2943.189,-6803.0,-9521.0,511.0,2022,Monaco Grand Prix
23,47,MEDIUM,25.0,22.5,70.0,1003.2,False,29.0,158,0.8,01:13.595,7197,80,2,31,False,8,2943.681,-6803.0,-9516.0,510.0,2022,Monaco Grand Prix
23,47,MEDIUM,25.0,22.5,70.0,1003.2,False,29.0,158,0.8,01:13.755,7646,81,2,51,False,8,2947.281,-6810.0,-9480.0,509.0,2022,Monaco Grand Prix
23,47,MEDIUM,25.0,22.5,70.0,1003.2,False,29.0,158,0.8,01:14.013,8111,87,2,59,False,8,2953.842,-6825.0,-9415.0,508.0,2022,Monaco Grand Prix
23,47,MEDIUM,25.0,22.5,70.0,1003.2,False,29.0,158,0.8,01:14.155,8577,94,2,67,False,8,2957.725,-6832.0,-9384.0,507.0,2022,Monaco Grand Prix
23,47,MEDIUM,25.0,22.5,70.0,1003.2,False,29.0,158,0.8,01:14.353,9145,98,2,72,False,8,2963.387,-6846.0,-9340.0,507.0,2022,Monaco Grand Prix
23,47,MEDIUM,25.0,22.5,70.0,1003.2,False,29.0,158,0.8,01:14.355,9713,103,2,77,False,8,2963.447,-6846.0,-9339.0,506.0,2022,Monaco Grand Prix
23,47,MEDIUM,25.0,22.5,70.0,1003.2,False,29.0,158,0.8,01:14.515,10553,113,2,77,False,8,2968.469,-6864.0,-9293.0,506.0,2022,Monaco Grand Prix
23,47,MEDIUM,25.0,22.5,70.0,1003.2,False,29.0,158,0.8,01:14.533,10704,115,2,77,False,8,2969.044,-6867.0,-9288.0,506.0,2022,Monaco Grand Prix
23,47,MEDIUM,25.0,22.5,70.0,1003.2,False,29.0,158,0.8,01:14.675,10855,117,2,78,False,8,2973.669,-6886.0,-9245.0,506.0,2022,Monaco Grand Prix
23,47,MEDIUM,25.0,22.5,70.0,1003.2,False,29.0,158,0.8,01:14.732,10442,122,2,79,False,8,2975.648,-6896.0,-9228.0,506.0,2022,Monaco Grand Prix
23,47,MEDIUM,25.0,22.5,70.0,1003.2,False,29.0,158,0.8,01:14.912,10029,127,2,81,False,8,2982.344,-6929.0,-9172.0,505.0,2022,Monaco Grand Prix
23,47,MEDIUM,25.0,22.5,70.0,1003.2,False,29.0,158,0.8,01:14.995,9617,133,3,83,False,8,2985.492,-6946.0,-9145.0,504.0,2022,Monaco Grand Prix
23,47,MEDIUM,25.0,22.5,70.0,1003.2,False,29.0,158,0.8,01:15.155,10496,138,3,98,False,8,2991.625,-6981.0,-9094.0,503.0,2022,Monaco Grand Prix
23,47,MEDIUM,25.0,22.5,70.0,1003.2,False,29.0,158,0.8,01:15.212,10706,143,3,99,False,8,2993.911,-6995.0,-9075.0,503.0,2022,Monaco Grand Prix
23,47,MEDIUM,25.0,22.5,70.0,1003.2,False,29.0,158,0.8,01:15.355,10916,149,3,100,False,8,2999.903,-7029.0,-9025.0,503.0,2022,Monaco Grand Prix
23,47,MEDIUM,25.0,22.5,70.0,1003.2,False,29.0,158,0.8,01:15.372,10848,153,3,100,False,8,3000.634,-7034.0,-9019.0,504.0,2022,Monaco Grand Prix
23,47,MEDIUM,25.0,22.5,70.0,1003.2,False,29.0,158,0.8,01:15.592,10780,158,3,100,False,8,3010.471,-7089.0,-8937.0,504.0,2022,Monaco Grand Prix
23,47,MEDIUM,25.0,22.5,70.0,1003.2,False,29.0,158,0.8,01:15.675,10712,163,4,100,False,14,3014.392,-7107.0,-8907.0,504.0,2022,Monaco Grand Prix
23,47,MEDIUM,25.0,22.5,70.0,1003.2,False,29.0,158,0.8,01:15.792,11071,170,4,100,False,14,3020.125,-7136.0,-8860.0,504.0,2022,Monaco Grand Prix
23,47,MEDIUM,25.0,22.5,70.0,1003.2,False,29.0,158,0.8,01:15.875,11431,177,4,100,False,14,3024.225,-7160.0,-8812.0,503.0,2022,Monaco Grand Prix
23,47,MEDIUM,25.0,22.5,70.0,1003.2,False,29.0,158,0.8,01:16.035,10868,177,4,100,False,12,3032.092,-7211.0,-8704.0,503.0,2022,Monaco Grand Prix
23,47,MEDIUM,25.0,22.5,70.0,1003.2,False,29.0,158,0.8,01:16.093,10871,183,4,100,False,12,3035.047,-7225.0,-8674.0,503.0,2022,Monaco Grand Prix
23,47,MEDIUM,25.0,22.5,70.0,1003.2,False,29.0,158,0.8,01:16.274,10875,189,5,100,False,12,3044.639,-7248.0,-8615.0,502.0,2022,Monaco Grand Prix
23,47,MEDIUM,25.0,22.5,70.0,1003.2,False,29.0,158,0.8,01:16.373,10967,193,5,100,False,12,3050.01,-7260.0,-8582.0,503.0,2022,Monaco Grand Prix
23,47,MEDIUM,25.0,22.5,70.0,1003.2,False,29.0,158,0.8,01:16.474,11059,197,5,100,False,12,3055.584,-7276.0,-8533.0,503.0,2022,Monaco Grand Prix
23,47,MEDIUM,25.0,22.5,70.0,1003.2,False,29.0,158,0.8,01:16.633,11217,200,5,100,False,12,3064.593,-7307.0,-8444.0,503.0,2022,Monaco Grand Prix
23,47,MEDIUM,25.0,22.5,70.0,1003.2,False,29.0,158,0.8,01:16.634,11375,204,5,100,False,12,3064.65,-7307.0,-8443.0,502.0,2022,Monaco Grand Prix
23,47,MEDIUM,25.0,22.5,70.0,1003.2,False,29.0,158,0.8,01:16.873,10891,209,5,100,False,12,3078.786,-7346.0,-8321.0,503.0,2022,Monaco Grand Prix
23,47,MEDIUM,25.0,22.5,70.0,1003.2,False,29.0,158,0.8,01:16.954,10408,214,6,100,False,12,3083.672,-7361.0,-8270.0,502.0,2022,Monaco Grand Prix
23,47,MEDIUM,25.0,22.5,70.0,1003.2,False,29.0,158,0.8,01:17.073,10586,217,6,100,False,12,3090.905,-7384.0,-8193.0,503.0,2022,Monaco Grand Prix
23,47,MEDIUM,25.0,22.5,70.0,1003.2,False,29.0,158,0.8,01:17.154,10765,220,6,100,False,12,3095.895,-7397.0,-8147.0,503.0,2022,Monaco Grand Prix
23,47,MEDIUM,25.0,22.5,70.0,1003.2,False,29.0,158,0.8,01:17.233,10877,223,6,100,False,12,3100.831,-7412.0,-8097.0,503.0,2022,Monaco Grand Prix
23,47,MEDIUM,25.0,22.5,70.0,1003.2,False,29.0,158,0.8,01:17.315,10989,226,6,100,False,12,3106.002,-7431.0,-8028.0,502.0,2022,Monaco Grand Prix
23,47,MEDIUM,25.0,22.5,70.0,1003.2,False,29.0,158,0.8,01:17.475,11071,229,6,100,False,12,3116.18,-7475.0,-7866.0,502.0,2022,Monaco Grand Prix
23,47,MEDIUM,25.0,22.5,70.0,1003.2,False,29.0,158,0.8,01:17.553,11238,233,6,100,False,12,3121.251,-7491.0,-7811.0,502.0,2022,Monaco Grand Prix
23,47,MEDIUM,25.0,22.5,70.0,1003.2,False,29.0,158,0.8,01:17.715,11406,237,6,100,False,12,3131.98,-7504.0,-7763.0,501.0,2022,Monaco Grand Prix
23,47,MEDIUM,25.0,22.5,70.0,1003.2,False,29.0,158,0.8,01:17.833,11271,239,6,100,False,12,3139.868,-7514.0,-7720.0,502.0,2022,Monaco Grand Prix
23,47,MEDIUM,25.0,22.5,70.0,1003.2,False,29.0,158,0.8,01:17.955,11137,242,6,100,False,12,3148.113,-7535.0,-7622.0,502.0,2022,Monaco Grand Prix
23,47,MEDIUM,25.0,22.5,70.0,1003.2,False,29.0,158,0.8,01:18.115,10426,247,6,100,False,12,3159.091,-7575.0,-7445.0,502.0,2022,Monaco Grand Prix
23,47,MEDIUM,25.0,22.5,70.0,1003.2,False,29.0,158,0.8,01:18.213,10467,248,6,100,False,12,3165.85,-7591.0,-7371.0,503.0,2022,Monaco Grand Prix
23,47,MEDIUM,25.0,22.5,70.0,1003.2,False,29.0,158,0.8,01:18.275,10508,249,7,100,False,12,3170.158,-7596.0,-7341.0,503.0,2022,Monaco Grand Prix
23,47,MEDIUM,25.0,22.5,70.0,1003.2,False,29.0,158,0.8,01:18.473,10624,252,7,100,False,12,3184.152,-7604.0,-7287.0,503.0,2022,Monaco Grand Prix
23,47,MEDIUM,25.0,22.5,70.0,1003.2,False,29.0,158,0.8,01:18.595,10741,256,7,100,False,12,3192.913,-7614.0,-7208.0,503.0,2022,Monaco Grand Prix
23,47,MEDIUM,25.0,22.5,70.0,1003.2,False,29.0,158,0.8,01:18.713,10922,259,7,100,False,12,3201.464,-7625.0,-7117.0,503.0,2022,Monaco Grand Prix
23,47,MEDIUM,25.0,22.5,70.0,1003.2,False,29.0,158,0.8,01:18.835,11103,262,7,100,False,12,3210.38,-7633.0,-7027.0,502.0,2022,Monaco Grand Prix
23,47,MEDIUM,25.0,22.5,70.0,1003.2,False,29.0,158,0.8,01:18.933,11138,263,7,100,False,12,3217.592,-7639.0,-6956.0,502.0,2022,Monaco Grand Prix
23,47,MEDIUM,25.0,22.5,70.0,1003.2,False,29.0,158,0.8,01:19.113,11173,265,7,100,False,12,3230.951,-7649.0,-6823.0,502.0,2022,Monaco Grand Prix
23,47,MEDIUM,25.0,22.5,70.0,1003.2,False,29.0,158,0.8,01:19.195,11209,267,7,100,False,12,3237.08,-7653.0,-6761.0,502.0,2022,Monaco Grand Prix
23,47,MEDIUM,25.0,22.5,70.0,1003.2,False,29.0,158,0.8,01:19.355,11209,271,7,100,False,12,3249.124,-7660.0,-6639.0,502.0,2022,Monaco Grand Prix
23,47,MEDIUM,25.0,22.5,70.0,1003.2,False,29.0,158,0.8,01:19.433,11200,272,7,81,False,12,3255.058,-7664.0,-6582.0,502.0,2022,Monaco Grand Prix
23,47,MEDIUM,25.0,22.5,70.0,1003.2,False,29.0,158,0.8,01:19.508,11195,273,7,71,False,12,3260.806,-7668.0,-6534.0,502.0,2022,Monaco Grand Prix
23,48,MEDIUM,26.0,22.5,69.0,1003.2,False,29.6,0,1.5,00:00.000,11195,273,7,71,False,12,0.239,-7667.021063041391,-6530.350212137417,501.89031683914925,2022,Monaco Grand Prix
23,48,MEDIUM,26.0,22.5,69.0,1003.2,False,29.6,0,1.5,00:00.085,11191,274,7,62,False,12,6.73,-7671.0,-6468.0,502.0,2022,Monaco Grand Prix
23,48,MEDIUM,26.0,22.5,69.0,1003.2,False,29.6,0,1.5,00:00.087,11182,276,7,44,False,8,6.883,-7671.100715694914,-6466.484248346793,502.00557397262764,2022,Monaco Grand Prix
23,48,MEDIUM,26.0,22.5,69.0,1003.2,False,29.6,0,1.5,00:00.305,11030,274,7,22,False,8,23.373,-7681.0,-6294.0,503.0,2022,Monaco Grand Prix
23,48,MEDIUM,26.0,22.5,69.0,1003.2,False,29.6,0,1.5,00:00.327,10878,272,7,0,False,8,25.016,-7681.184815577103,-6277.211989021537,503.0425715647929,2022,Monaco Grand Prix
23,48,MEDIUM,26.0,22.5,69.0,1003.2,False,29.6,0,1.5,00:00.485,10887,268,7,0,False,8,36.682,-7678.0,-6162.0,503.0,2022,Monaco Grand Prix
23,48,MEDIUM,26.0,22.5,69.0,1003.2,False,29.6,0,1.5,00:00.647,10897,264,7,0,False,0,48.482,-7672.045256501974,-6045.757885026019,503.03355388547925,2022,Monaco Grand Prix
23,48,MEDIUM,26.0,22.5,69.0,1003.2,False,29.6,0,1.5,00:00.685,10718,261,7,0,False,0,51.24,-7670.0,-6015.0,503.0,2022,Monaco Grand Prix
23,48,MEDIUM,26.0,22.5,69.0,1003.2,False,29.6,0,1.5,00:00.847,10539,259,7,0,True,0,62.871,-7657.707248360393,-5861.190157672343,502.53290580305696,2022,Monaco Grand Prix
23,48,MEDIUM,26.0,22.5,69.0,1003.2,False,29.6,0,1.5,00:01.005,10171,252,7,0,True,0,73.781,-7645.0,-5721.0,503.0,2022,Monaco Grand Prix
23,48,MEDIUM,26.0,22.5,69.0,1003.2,False,29.6,0,1.5,00:01.167,9803,246,7,0,True,0,84.738,-7636.096065245034,-5632.578235984853,505.8540544866112,2022,Monaco Grand Prix
23,48,MEDIUM,26.0,22.5,69.0,1003.2,False,29.6,0,1.5,00:01.367,9505,240,7,0,True,0,98.071,-7624.3863737790325,-5556.358266653121,511.29653818743776,2022,Monaco Grand Prix
23,48,MEDIUM,26.0,22.5,69.0,1003.2,False,29.6,0,1.5,00:01.445,9469,230,7,0,True,0,102.879,-7615.0,-5505.0,513.0,2022,Monaco Grand Prix
23,48,MEDIUM,26.0,22.5,69.0,1003.2,False,29.6,0,1.5,00:01.625,9433,220,7,0,True,0,113.178,-7586.0,-5354.0,516.0,2022,Monaco Grand Prix
23,48,MEDIUM,26.0,22.5,69.0,1003.2,False,29.6,0,1.5,00:01.647,9397,210,7,0,True,0,114.405,-7583.038239997337,-5339.058257534063,516.3309429747949,2022,Monaco Grand Prix
23,48,MEDIUM,26.0,22.5,69.0,1003.2,False,29.6,0,1.5,00:01.847,9746,193,7,0,True,0,125.127,-7566.037209499427,-5259.505768625846,519.1255310283002,2022,Monaco Grand Prix
23,48,MEDIUM,26.0,22.5,69.0,1003.2,False,29.6,0,1.5,00:01.984,9472,176,7,0,True,0,131.459,-7555.0,-5214.0,520.0,2022,Monaco Grand Prix
23,48,MEDIUM,26.0,22.5,69.0,1003.2,False,29.6,0,1.5,00:02.127,9199,159,5,0,True,0,137.494,-7539.187993784327,-5149.562447449518,519.8350386553664,2022,Monaco Grand Prix
23,48,MEDIUM,26.0,22.5,69.0,1003.2,False,29.6,0,1.5,00:02.164,9099,154,5,0,True,0,139.032,-7535.0,-5133.0,520.0,2022,Monaco Grand Prix
23,48,MEDIUM,26.0,22.5,69.0,1003.2,False,29.6,0,1.5,00:02.404,8999,149,5,0,True,0,148.728,-7509.0,-5037.0,524.0,2022,Monaco Grand Prix
23,48,MEDIUM,26.0,22.5,69.0,1003.2,False,29.6,0,1.5,00:02.447,8900,145,4,0,True,0,150.382,-7504.062880033754,-5019.6633592987555,524.7129844632288,2022,Monaco Grand Prix
23,48,MEDIUM,26.0,22.5,69.0,1003.2,False,29.6,0,1.5,00:02.607,9074,133,4,0,True,0,156.294,-7484.595361603098,-4953.422010590449,526.9164933615278,2022,Monaco Grand Prix
23,48,MEDIUM,26.0,22.5,69.0,1003.2,False,29.6,0,1.5,00:02.684,8713,128,4,0,True,0,159.01,-7475.0,-4923.0,528.0,2022,Monaco Grand Prix
23,48,MEDIUM,26.0,22.5,69.0,1003.2,False,29.6,0,1.5,00:02.847,8352,123,3,0,True,0,164.494,-7454.531052936247,-4863.77555649754,530.5759161059859,2022,Monaco Grand Prix
23,48,MEDIUM,26.0,22.5,69.0,1003.2,False,29.6,0,1.5,00:03.084,7983,117,3,0,True,0,171.87,-7426.0,-4793.0,534.0,2022,Monaco Grand Prix
23,48,MEDIUM,26.0,22.5,69.0,1003.2,False,29.6,0,1.5,00:03.087,7615,112,3,0,True,0,171.96,-7425.664242273744,-4792.248430005237,534.0308792459587,2022,Monaco Grand Prix
23,48,MEDIUM,26.0,22.5,69.0,1003.2,False,29.6,0,1.5,00:03.485,7416,107,3,0,True,0,183.275,-7381.0,-4718.0,536.0,2022,Monaco Grand Prix
23,48,MEDIUM,26.0,22.5,69.0,1003.2,False,29.6,0,1.5,00:03.526,7217,102,3,0,False,0,184.399,-7374.997165788462,-4711.623076327155,536.1349368373066,2022,Monaco Grand Prix
23,48,MEDIUM,26.0,22.5,69.0,1003.2,False,29.6,0,1.5,00:04.105,7099,99,3,6,False,0,199.845,-7237.0,-4635.0,540.0,2022,Monaco Grand Prix
23,48,MEDIUM,26.0,22.5,69.0,1003.2,False,29.6,0,1.5,00:04.166,6981,96,3,13,False,0,201.465,-7213.729324887001,-4628.744589578572,541.0249350738897,2022,Monaco Grand Prix
23,48,MEDIUM,26.0,22.5,69.0,1003.2,False,29.6,0,1.5,00:04.366,7297,96,3,32,False,0,206.799,-7135.689154244332,-4612.0747566296495,544.7313054212269,2022,Monaco Grand Prix
23,48,MEDIUM,26.0,22.5,69.0,1003.2,False,29.6,0,1.5,00:04.385,7382,97,3,42,False,0,207.308,-7130.0,-4611.0,545.0,2022,Monaco Grand Prix
23,48,MEDIUM,26.0,22.5,69.0,1003.2,False,29.6,0,1.5,00:04.567,7467,98,3,53,False,0,212.27,-7094.5851113255185,-4605.593164144588,546.6067943079377,2022,Monaco Grand Prix
23,48,MEDIUM,26.0,22.5,69.0,1003.2,False,29.6,0,1.5,00:04.725,7812,103,3,60,False,0,216.888,-7067.0,-4603.0,548.0,2022,Monaco Grand Prix
23,48,MEDIUM,26.0,22.5,69.0,1003.2,False,29.6,0,1.5,00:04.927,8157,109,3,68,False,0,223.17,-7007.628770948056,-4596.66292480382,551.41042520021,2022,Monaco Grand Prix
23,48,MEDIUM,26.0,22.5,69.0,1003.2,False,29.6,0,1.5,00:05.005,8489,112,3,74,False,0,225.678,-6982.0,-4594.0,553.0,2022,Monaco Grand Prix
23,48,MEDIUM,26.0,22.5,69.0,1003.2,False,29.6,0,1.5,00:05.245,8821,115,3,80,False,0,233.68,-6896.0,-4586.0,559.0,2022,Monaco Grand Prix
23,48,MEDIUM,26.0,22.5,69.0,1003.2,False,29.6,0,1.5,00:05.247,9154,119,3,86,False,0,233.748,-6895.108538143325,-4585.926115298551,559.0682565296513,2022,Monaco Grand Prix
23,48,MEDIUM,26.0,22.5,69.0,1003.2,False,29.6,0,1.5,00:05.445,9292,122,3,87,False,0,240.676,-6796.0,-4578.0,567.0,2022,Monaco Grand Prix
23,48,MEDIUM,26.0,22.5,69.0,1003.2,False,29.6,0,1.5,00:05.447,9431,126,3,88,False,0,240.748,-6795.0534540952585,-4577.919510805734,567.0773390578125,2022,Monaco Grand Prix
23,48,MEDIUM,26.0,22.5,69.0,1003.2,False,29.6,0,1.5,00:05.687,10831,134,3,100,False,0,249.681,-6700.758564058711,-4568.595717053662,574.9390544038563,2022,Monaco Grand Prix
23,48,MEDIUM,26.0,22.5,69.0,1003.2,False,29.6,0,1.5,00:05.905,10469,143,3,100,False,0,258.776,-6628.0,-4560.0,581.0,2022,Monaco Grand Prix
23,48,MEDIUM,26.0,22.5,69.0,1003.2,False,29.6,0,1.5,00:06.047,10107,153,4,100,False,0,264.981,-6577.813791758227,-4553.98794514839,585.0283871123083,2022,Monaco Grand Prix
23,48,MEDIUM,26.0,22.5,69.0,1003.2,False,29.6,0,1.5,00:06.145,10209,157,4,100,False,0,269.306,-6541.0,-4549.0,588.0,2022,Monaco Grand Prix
23,48,MEDIUM,26.0,22.5,69.0,1003.2,False,29.6,0,1.5,00:06.247,10312,161,4,100,False,0,273.926,-6500.217766054639,-4542.662326209468,591.3586397534848,2022,Monaco Grand Prix
23,48,MEDIUM,26.0,22.5,69.0,1003.2,False,29.6,0,1.5,00:06.365,10656,167,4,100,False,0,279.528,-6446.0,-4533.0,596.0,2022,Monaco Grand Prix
23,48,MEDIUM,26.0,22.5,69.0,1003.2,False,29.6,0,1.5,00:06.487,11001,174,4,100,False,0,285.526,-6376.9880884141785,-4519.259799930251,602.1886141732692,2022,Monaco Grand Prix
23,48,MEDIUM,26.0,22.5,69.0,1003.2,False,29.6,0,1.5,00:06.725,10680,178,4,100,False,0,297.557,-6225.0,-4486.0,616.0,2022,Monaco Grand Prix
23,48,MEDIUM,26.0,22.5,69.0,1003.2,False,29.6,0,1.5,00:06.727,10359,182,4,100,False,0,297.659,-6223.797576117088,-4485.722168658796,616.1063168501639,2022,Monaco Grand Prix
23,48,MEDIUM,26.0,22.5,69.0,1003.2,False,29.6,0,1.5,00:07.047,10709,189,5,100,False,0,314.459,-6052.134114252176,-4443.489517747611,630.745835885418,2022,Monaco Grand Prix
23,48,MEDIUM,26.0,22.5,69.0,1003.2,False,29.6,0,1.5,00:07.105,10959,195,5,100,False,0,317.634,-6026.0,-4437.0,633.0,2022,Monaco Grand Prix
23,48,MEDIUM,26.0,22.5,69.0,1003.2,False,29.6,0,1.5,00:07.367,11210,202,5,100,False,0,332.415,-5921.26361735625,-4411.668237643357,642.4640872922283,2022,Monaco Grand Prix
23,48,MEDIUM,26.0,22.5,69.0,1003.2,False,29.6,0,1.5,00:07.425,11341,204,5,100,False,0,335.731,-5894.0,-4405.0,645.0,2022,Monaco Grand Prix
23,48,MEDIUM,26.0,22.5,69.0,1003.2,False,29.6,0,1.5,00:07.527,11473,207,5,100,False,0,341.615,-5839.161571440577,-4391.426635204013,650.1296277052438,2022,Monaco Grand Prix
23,48,MEDIUM,26.0,22.5,69.0,1003.2,False,29.6,0,1.5,00:07.705,11123,210,5,100,False,0,352.132,-5734.0,-4365.0,660.0,2022,Monaco Grand Prix
23,48,MEDIUM,26.0,22.5,69.0,1003.2,False,29.6,0,1.5,00:07.727,10773,213,5,100,False,0,353.448,-5721.639313626919,-4361.860353266086,661.1577836866279,2022,Monaco Grand Prix
23,48,MEDIUM,26.0,22.5,69.0,1003.2,False,29.6,0,1.5,00:07.905,10579,215,5,100,False,0,364.211,-5617.0,-4335.0,671.0,2022,Monaco Grand Prix
23,48,MEDIUM,26.0,22.5,69.0,1003.2,False,29.6,0,1.5,00:07.927,10386,218,6,100,False,0,365.559,-5600.928806141079,-4330.84973302113,672.5309930228982,2022,Monaco Grand Prix
23,48,MEDIUM,26.0,22.5,69.0,1003.2,False,29.6,0,1.5,00:08.087,10708,223,6,100,False,0,375.47,-5460.0242364264905,-4294.382904283347,686.076902142745,2022,Monaco Grand Prix
23,48,MEDIUM,26.0,22.5,69.0,1003.2,False,29.6,0,1.5,00:08.205,10692,224,6,100,False,0,382.83,-5368.0,-4271.0,695.0,2022,Monaco Grand Prix
23,48,MEDIUM,26.0,22.5,69.0,1003.2,False,29.6,0,1.5,00:08.247,10677,225,6,100,False,0,385.47,-5342.610022776744,-4264.736210541661,697.4787983504007,2022,Monaco Grand Prix
23,48,MEDIUM,26.0,22.5,69.0,1003.2,False,29.6,0,1.5,00:08.464,10816,227,6,100,False,0,399.321,-5243.0,-4243.0,707.0,2022,Monaco Grand Prix
23,48,MEDIUM,26.0,22.5,69.0,1003.2,False,29.6,0,1.5,00:08.487,10956,230,6,100,False,0,400.804,-5230.062962428371,-4240.536318968036,708.1510525208921,2022,Monaco Grand Prix
23,48,MEDIUM,26.0,22.5,69.0,1003.2,False,29.6,0,1.5,00:08.644,11064,232,6,100,False,0,411.006,-5128.0,-4223.0,717.0,2022,Monaco Grand Prix
23,48,MEDIUM,26.0,22.5,69.0,1003.2,False,29.6,0,1.5,00:08.647,11172,234,6,100,False,0,411.204,-5126.001881259305,-4222.707584047007,717.1743684758876,2022,Monaco Grand Prix
23,48,MEDIUM,26.0,22.5,69.0,1003.2,False,29.6,0,1.5,00:08.884,11246,237,6,100,False,0,427.003,-4970.0,-4206.0,731.0,2022,Monaco Grand Prix
23,48,MEDIUM,26.0,22.5,69.0,1003.2,False,29.6,0,1.5,00:08.887,11321,240,6,100,False,0,427.204,-4968.052555558444,-4205.848201040655,731.1727130350074,2022,Monaco Grand Prix
23,48,MEDIUM,26.0,22.5,69.0,1003.2,False,29.6,0,1.5,00:09.047,11513,241,6,100,False,0,437.915,-4861.006488961142,-4197.518067938198,740.7769613094334,2022,Monaco Grand Prix
23,48,MEDIUM,26.0,22.5,69.0,1003.2,False,29.6,0,1.5,00:09.064,10989,244,6,100,False,0,439.065,-4848.0,-4196.0,742.0,2022,Monaco Grand Prix
23,48,MEDIUM,26.0,22.5,69.0,1003.2,False,29.6,0,1.5,00:09.287,10466,247,6,100,False,0,454.381,-4641.798589027237,-4160.373218684543,762.4937263910587,2022,Monaco Grand Prix
23,48,MEDIUM,26.0,22.5,69.0,1003.2,False,29.6,0,1.5,00:09.404,10460,248,6,100,False,0,462.449,-4546.0,-4138.0,772.0,2022,Monaco Grand Prix
23,48,MEDIUM,26.0,22.5,69.0,1003.2,False,29.6,0,1.5,00:09.487,10455,249,7,100,False,0,468.215,-4494.1171654799045,-4122.83849426776,776.9448830363716,2022,Monaco Grand Prix
23,48,MEDIUM,26.0,22.5,69.0,1003.2,False,29.6,0,1.5,00:09.807,10809,255,7,100,False,0,490.881,-4359.899894952188,-4057.203145454725,788.1716339166342,2022,Monaco Grand Prix
23,48,MEDIUM,26.0,22.5,69.0,1003.2,False,29.6,0,1.5,00:09.825,10836,255,7,100,False,0,492.159,-4350.0,-4052.0,789.0,2022,Monaco Grand Prix
23,48,MEDIUM,26.0,22.5,69.0,1003.2,False,29.6,0,1.5,00:10.007,10864,256,7,100,False,0,505.104,-4232.01826493671,-3991.0885232611736,798.9888316490692,2022,Monaco Grand Prix
23,48,MEDIUM,26.0,22.5,69.0,1003.2,False,29.6,0,1.5,00:10.025,10889,258,7,92,False,0,506.396,-4220.0,-3985.0,800.0,2022,Monaco Grand Prix
23,48,MEDIUM,26.0,22.5,69.0,1003.2,False,29.6,0,1.5,00:10.225,10914,260,7,84,False,0,520.948,-4089.0,-3921.0,811.0,2022,Monaco Grand Prix
23,48,MEDIUM,26.0,22.5,69.0,1003.2,False,29.6,0,1.5,00:10.446,10940,263,7,77,False,0,537.175,-3940.3613271899903,-3857.779211183925,823.993294309235,2022,Monaco Grand Prix
23,48,MEDIUM,26.0,22.5,69.0,1003.2,False,29.6,0,1.5,00:10.465,10887,262,7,55,False,0,538.565,-3928.0,-3853.0,825.0,2022,Monaco Grand Prix
23,48,MEDIUM,26.0,22.5,69.0,1003.2,False,29.6,0,1.5,00:10.685,10834,262,7,34,False,0,554.592,-3776.0,-3803.0,836.0,2022,Monaco Grand Prix
23,48,MEDIUM,26.0,22.5,69.0,1003.2,False,29.6,0,1.5,00:10.726,10782,262,7,13,False,0,557.553,-3737.3176723329752,-3792.9156085947598,838.6431944264747,2022,Monaco Grand Prix
23,48,MEDIUM,26.0,22.5,69.0,1003.2,False,29.6,0,1.5,00:10.865,10669,259,7,6,False,0,567.513,-3597.0,-3760.0,848.0,2022,Monaco Grand Prix
23,48,MEDIUM,26.0,22.5,69.0,1003.2,False,29.6,0,1.5,00:10.926,10557,257,7,0,False,0,571.831,-3551.0011754887946,-3750.3489557571015,850.8494563908441,2022,Monaco Grand Prix
23,48,MEDIUM,26.0,22.5,69.0,1003.2,False,29.6,0,1.5,00:11.127,10119,250,7,0,True,0,585.789,-3458.8402191837636,-3736.5591046459867,855.1296085278364,2022,Monaco Grand Prix
23,48,MEDIUM,26.0,22.5,69.0,1003.2,False,29.6,0,1.5,00:11.185,9935,247,7,0,True,0,589.746,-3431.0,-3733.0,856.0,2022,Monaco Grand Prix
23,48,MEDIUM,26.0,22.5,69.0,1003.2,False,29.6,0,1.5,00:11.287,9751,244,7,0,True,0,596.633,-3374.627819491857,-3725.626432744543,857.4984382794952,2022,Monaco Grand Prix
23,48,MEDIUM,26.0,22.5,69.0,1003.2,False,29.6,0,1.5,00:11.385,9574,241,7,0,True,0,603.167,-3315.0,-3718.0,859.0,2022,Monaco Grand Prix
23,48,MEDIUM,26.0,22.5,69.0,1003.2,False,29.6,0,1.5,00:11.447,9398,238,7,0,True,0,607.211,-3276.18179167823,-3713.2884982010487,860.0302891485821,2022,Monaco Grand Prix
23,48,MEDIUM,26.0,22.5,69.0,1003.2,False,29.6,0,1.5,00:11.585,9456,229,7,0,True,0,615.873,-3189.0,-3703.0,862.0,2022,Monaco Grand Prix
23,48,MEDIUM,26.0,22.5,69.0,1003.2,False,29.6,0,1.5,00:11.727,9515,221,7,0,True,0,624.4,-3103.5721519984413,-3692.419410592308,862.2552367327189,2022,Monaco Grand Prix
23,48,MEDIUM,26.0,22.5,69.0,1003.2,False,29.6,0,1.5,00:11.887,9538,210,6,0,True,0,633.733,-3010.3836476417446,-3678.5757722377834,861.2145078469382,2022,Monaco Grand Prix
23,48,MEDIUM,26.0,22.5,69.0,1003.2,False,29.6,0,1.5,00:11.945,9984,210,6,0,True,0,637.133,-2976.0,-3672.0,861.0,2022,Monaco Grand Prix
23,48,MEDIUM,26.0,22.5,69.0,1003.2,False,29.6,0,1.5,00:12.047,10431,210,6,0,True,0,643.067,-2914.6383649261925,-3658.3387779053282,860.8747521101352,2022,Monaco Grand Prix
23,48,MEDIUM,26.0,22.5,69.0,1003.2,False,29.6,0,1.5,00:12.165,10263,202,6,0,True,0,649.626,-2848.0,-3641.0,861.0,2022,Monaco Grand Prix
23,48,MEDIUM,26.0,22.5,69.0,1003.2,False,29.6,0,1.5,00:12.367,10095,194,5,0,True,0,660.311,-2760.4970126579274,-3612.362854224285,861.5124483692058,2022,Monaco Grand Prix
23,48,MEDIUM,26.0,22.5,69.0,1003.2,False,29.6,0,1.5,00:12.505,9886,190,5,0,True,0,667.456,-2703.0,-3587.0,862.0,2022,Monaco Grand Prix
23,48,MEDIUM,26.0,22.5,69.0,1003.2,False,29.6,0,1.5,00:12.527,9678,186,5,0,True,0,668.578,-2693.049901309681,-3582.153488469937,862.0836672346825,2022,Monaco Grand Prix
23,48,MEDIUM,26.0,22.5,69.0,1003.2,False,29.6,0,1.5,00:12.727,10582,179,5,0,True,0,678.522,-2597.907463547152,-3529.993056242984,862.9184654677024,2022,Monaco Grand Prix
23,48,MEDIUM,26.0,22.5,69.0,1003.2,False,29.6,0,1.5,00:12.745,10434,176,5,0,True,0,679.393,-2590.0,-3525.0,863.0,2022,Monaco Grand Prix
23,48,MEDIUM,26.0,22.5,69.0,1003.2,False,29.6,0,1.5,00:12.945,10287,173,5,0,True,0,688.793,-2513.0,-3469.0,864.0,2022,Monaco Grand Prix
23,48,MEDIUM,26.0,22.5,69.0,1003.2,False,29.6,0,1.5,00:13.105,10139,170,5,0,True,0,696.083,-2458.0,-3421.0,865.0,2022,Monaco Grand Prix
23,48,MEDIUM,26.0,22.5,69.0,1003.2,False,29.6,0,1.5,00:13.127,9992,167,4,0,True,0,697.078,-2449.4423085403514,-3411.769577580445,865.1484795627955,2022,Monaco Grand Prix
23,48,MEDIUM,26.0,22.5,69.0,1003.2,False,29.6,0,1.5,00:13.405,9849,163,4,0,True,0,709.481,-2339.0,-3268.0,867.0,2022,Monaco Grand Prix
23,48,MEDIUM,26.0,22.5,69.0,1003.2,False,29.6,0,1.5,00:13.487,9707,160,4,0,False,0,713.078,-2326.3494534489973,-3249.0522911519265,867.3705940651068,2022,Monaco Grand Prix
23,48,MEDIUM,26.0,22.5,69.0,1003.2,False,29.6,0,1.5,00:13.665,9521,158,4,0,False,0,720.796,-2318.0,-3226.0,868.0,2022,Monaco Grand Prix
23,48,MEDIUM,26.0,22.5,69.0,1003.2,False,29.6,0,1.5,00:13.687,9335,156,4,0,True,0,721.744,-2315.590137527759,-3219.870572340456,868.0872296780208,2022,Monaco Grand Prix
23,48,MEDIUM,26.0,22.5,69.0,1003.2,False,29.6,0,1.5,00:13.865,9342,155,4,0,True,0,729.371,-2288.0,-3141.0,869.0,2022,Monaco Grand Prix
23,48,MEDIUM,26.0,22.5,69.0,1003.2,False,29.6,0,1.5,00:13.887,9349,154,4,0,False,0,730.3,-2285.0347683024766,-3128.0802233953877,869.1641366860896,2022,Monaco Grand Prix
23,48,MEDIUM,26.0,22.5,69.0,1003.2,False,29.6,0,1.5,00:14.127,9192,149,4,0,False,0,740.233,-2264.8447172717765,-2957.6214871996085,871.511416136051,2022,Monaco Grand Prix
23,48,MEDIUM,26.0,22.5,69.0,1003.2,False,29.6,0,1.5,00:14.205,8991,147,4,0,False,0,743.422,-2262.0,-2914.0,872.0,2022,Monaco Grand Prix
23,48,MEDIUM,26.0,22.5,69.0,1003.2,False,29.6,0,1.5,00:14.367,8790,146,4,0,False,0,749.967,-2261.0791357242497,-2860.0798318129305,872.2006717444174,2022,Monaco Grand Prix
23,48,MEDIUM,26.0,22.5,69.0,1003.2,False,29.6,0,1.5,00:14.585,8706,142,4,10,False,0,758.47,-2276.0,-2801.0,874.0,2022,Monaco Grand Prix
23,48,MEDIUM,26.0,22.5,69.0,1003.2,False,29.6,0,1.5,00:14.847,8622,139,4,21,False,0,768.5,-2321.49805841646,-2651.565541795891,882.6200403225535,2022,Monaco Grand Prix
23,48,MEDIUM,26.0,22.5,69.0,1003.2,False,29.6,0,1.5,00:14.864,8717,139,4,34,False,0,769.156,-2324.0,-2644.0,883.0,2022,Monaco Grand Prix
23,48,MEDIUM,26.0,22.5,69.0,1003.2,False,29.6,0,1.5,00:15.207,8813,140,4,47,False,0,782.5,-2359.3733623757516,-2566.698447769113,883.9530477566228,2022,Monaco Grand Prix
23,48,MEDIUM,26.0,22.5,69.0,1003.2,False,29.6,0,1.5,00:15.224,8817,140,4,46,False,0,783.164,-2362.0,-2562.0,884.0,2022,Monaco Grand Prix
23,48,MEDIUM,26.0,22.5,69.0,1003.2,False,29.6,0,1.5,00:15.384,8821,140,4,45,False,0,789.421,-2393.0,-2507.0,885.0,2022,Monaco Grand Prix
23,48,MEDIUM,26.0,22.5,69.0,1003.2,False,29.6,0,1.5,00:15.447,8825,141,4,44,False,0,791.9,-2406.3194116343207,-2485.1237572886844,885.392288182901,2022,Monaco Grand Prix
23,48,MEDIUM,26.0,22.5,69.0,1003.2,False,29.6,0,1.5,00:15.607,9180,143,4,53,False,0,798.256,-2441.2332600445584,-2432.4382587194536,885.9976587538288,2022,Monaco Grand Prix
23,48,MEDIUM,26.0,22.5,69.0,1003.2,False,29.6,0,1.5,00:15.624,9259,144,4,55,False,0,798.937,-2445.0,-2427.0,886.0,2022,Monaco Grand Prix
23,48,MEDIUM,26.0,22.5,69.0,1003.2,False,29.6,0,1.5,00:15.884,9338,145,4,58,False,0,809.529,-2506.0,-2345.0,885.0,2022,Monaco Grand Prix
23,48,MEDIUM,26.0,22.5,69.0,1003.2,False,29.6,0,1.5,00:15.927,9418,147,4,61,False,0,811.322,-2517.629291308058,-2330.691568173581,884.8948699102666,2022,Monaco Grand Prix
23,48,MEDIUM,26.0,22.5,69.0,1003.2,False,29.6,0,1.5,00:16.087,9418,152,4,61,False,0,818.078,-2563.367204040856,-2276.483767116892,884.9440347670871,2022,Monaco Grand Prix
23,48,MEDIUM,26.0,22.5,69.0,1003.2,False,29.6,0,1.5,00:16.104,9145,151,4,30,False,0,818.795,-2568.0,-2271.0,885.0,2022,Monaco Grand Prix
23,48,MEDIUM,26.0,22.5,69.0,1003.2,False,29.6,0,1.5,00:16.247,8873,151,4,0,True,0,824.789,-2605.2571446596025,-2226.0188407037044,885.7990794060879,2022,Monaco Grand Prix
23,48,MEDIUM,26.0,22.5,69.0,1003.2,False,29.6,0,1.5,00:16.285,8645,147,4,0,True,0,826.358,-2616.0,-2212.0,886.0,2022,Monaco Grand Prix
23,48,MEDIUM,26.0,22.5,69.0,1003.2,False,29.6,0,1.5,00:16.567,8417,144,4,0,True,0,837.589,-2702.4748230453442,-2085.625208941087,886.9122143535847,2022,Monaco Grand Prix
23,48,MEDIUM,26.0,22.5,69.0,1003.2,False,29.6,0,1.5,00:16.585,8249,139,4,0,True,0,838.272,-2706.0,-2080.0,887.0,2022,Monaco Grand Prix
23,48,MEDIUM,26.0,22.5,69.0,1003.2,False,29.6,0,1.5,00:16.727,8082,134,4,0,True,0,843.544,-2720.5554931206257,-2053.5280625318824,887.9489666478348,2022,Monaco Grand Prix
23,48,MEDIUM,26.0,22.5,69.0,1003.2,False,29.6,0,1.5,00:16.845,7920,132,4,0,True,0,847.87,-2726.0,-2035.0,889.0,2022,Monaco Grand Prix
23,48,MEDIUM,26.0,22.5,69.0,1003.2,False,29.6,0,1.5,00:16.966,7758,131,4,0,True,0,852.241,-2734.3691070672685,-2002.5989206199865,890.2576618793655,2022,Monaco Grand Prix
23,48,MEDIUM,26.0,22.5,69.0,1003.2,False,29.6,0,1.5,00:17.166,7533,126,4,0,False,0,859.241,-2747.521782178266,-1929.8903553012872,892.5658251604344,2022,Monaco Grand Prix
23,48,MEDIUM,26.0,22.5,69.0,1003.2,False,29.6,0,1.5,00:17.205,7423,123,4,1,False,0,860.565,-2748.0,-1916.0,893.0,2022,Monaco Grand Prix
23,48,MEDIUM,26.0,22.5,69.0,1003.2,False,29.6,0,1.5,00:17.425,7314,121,4,2,False,0,867.813,-2739.0,-1842.0,895.0,2022,Monaco Grand Prix
23,48,MEDIUM,26.0,22.5,69.0,1003.2,False,29.6,0,1.5,00:17.446,7205,119,4,3,False,0,868.497,-2737.684690097423,-1835.4129682809987,895.0769802629075,2022,Monaco Grand Prix
23,48,MEDIUM,26.0,22.5,69.0,1003.2,False,29.6,0,1.5,00:17.585,7368,118,4,12,False,0,873.006,-2726.0,-1790.0,895.0,2022,Monaco Grand Prix
23,48,MEDIUM,26.0,22.5,69.0,1003.2,False,29.6,0,1.5,00:17.807,7532,117,4,21,False,0,880.229,-2686.7814294546874,-1691.3253361106295,893.2140090484519,2022,Monaco Grand Prix
23,48,MEDIUM,26.0,22.5,69.0,1003.2,False,29.6,0,1.5,00:17.825,7634,118,4,38,False,0,880.823,-2684.0,-1685.0,893.0,2022,Monaco Grand Prix
23,48,MEDIUM,26.0,22.5,69.0,1003.2,False,29.6,0,1.5,00:18.007,7736,120,4,56,False,0,886.896,-2664.7388015591096,-1646.1098399112036,890.3679300181216,2022,Monaco Grand Prix
23,48,MEDIUM,26.0,22.5,69.0,1003.2,False,29.6,0,1.5,00:18.105,7902,122,4,58,False,0,890.23,-2656.0,-1631.0,889.0,2022,Monaco Grand Prix
23,48,MEDIUM,26.0,22.5,69.0,1003.2,False,29.6,0,1.5,00:18.247,8068,124,4,60,False,0,895.163,-2641.1116517514556,-1605.3393469949033,887.4181204174886,2022,Monaco Grand Prix
23,48,MEDIUM,26.0,22.5,69.0,1003.2,False,29.6,0,1.5,00:18.465,8231,127,4,65,False,0,903.022,-2614.0,-1561.0,884.0,2022,Monaco Grand Prix
23,48,MEDIUM,26.0,22.5,69.0,1003.2,False,29.6,0,1.5,00:18.487,8395,130,4,71,False,0,903.829,-2611.0571098783066,-1556.532734257323,883.414188029511,2022,Monaco Grand Prix
23,48,MEDIUM,26.0,22.5,69.0,1003.2,False,29.6,0,1.5,00:18.565,8648,132,4,71,False,0,906.709,-2599.0,-1539.0,881.0,2022,Monaco Grand Prix
23,48,MEDIUM,26.0,22.5,69.0,1003.2,False,29.6,0,1.5,00:18.727,8901,135,4,71,False,0,912.829,-2552.743131201251,-1476.9859404557628,874.6152621027129,2022,Monaco Grand Prix
23,48,MEDIUM,26.0,22.5,69.0,1003.2,False,29.6,0,1.5,00:18.905,9242,141,4,77,False,0,919.908,-2487.0,-1394.0,867.0,2022,Monaco Grand Prix
23,48,MEDIUM,26.0,22.5,69.0,1003.2,False,29.6,0,1.5,00:19.127,9583,148,4,83,False,0,929.274,-2414.458721315256,-1311.6439626705253,859.0462855146774,2022,Monaco Grand Prix
23,48,MEDIUM,26.0,22.5,69.0,1003.2,False,29.6,0,1.5,00:19.285,9851,156,4,87,False,0,936.31,-2375.0,-1269.0,855.0,2022,Monaco Grand Prix
23,48,MEDIUM,26.0,22.5,69.0,1003.2,False,29.6,0,1.5,00:19.487,10119,164,4,92,False,0,945.674,-2342.6839827667454,-1233.2320275068905,852.066485867492,2022,Monaco Grand Prix
23,48,MEDIUM,26.0,22.5,69.0,1003.2,False,29.6,0,1.5,00:19.585,10343,168,4,94,False,0,950.325,-2322.0,-1210.0,850.0,2022,Monaco Grand Prix
23,48,MEDIUM,26.0,22.5,69.0,1003.2,False,29.6,0,1.5,00:19.687,10567,172,4,97,False,0,955.229,-2291.627464363655,-1175.8795941066548,846.7284679789556,2022,Monaco Grand Prix
23,48,MEDIUM,26.0,22.5,69.0,1003.2,False,29.6,0,1.5,00:19.785,10960,174,4,98,False,0,959.992,-2259.0,-1138.0,843.0,2022,Monaco Grand Prix
23,48,MEDIUM,26.0,22.5,69.0,1003.2,False,29.6,0,1.5,00:19.847,11354,176,4,100,False,0,963.052,-2239.0731211965813,-1113.6232706871383,840.5842469959181,2022,Monaco Grand Prix
23,48,MEDIUM,26.0,22.5,69.0,1003.2,False,29.6,0,1.5,00:20.125,12123,181,4,100,False,0,977.35,-2154.0,-999.0,829.0,2022,Monaco Grand Prix
23,48,MEDIUM,26.0,22.5,69.0,1003.2,False,29.6,0,1.5,00:20.167,12893,186,4,100,False,0,979.585,-2141.0909465139493,-980.5607318787961,827.0878939616821,2022,Monaco Grand Prix
23,48,MEDIUM,26.0,22.5,69.0,1003.2,False,29.6,0,1.5,00:20.327,12053,195,4,100,False,0,988.252,-2091.5695613753196,-908.1850546540194,819.7506411496142,2022,Monaco Grand Prix
23,48,MEDIUM,26.0,22.5,69.0,1003.2,False,29.6,0,1.5,00:20.345,12011,195,4,66,False,0,989.237,-2086.0,-900.0,819.0,2022,Monaco Grand Prix
23,48,MEDIUM,26.0,22.5,69.0,1003.2,False,29.6,0,1.5,00:20.525,11970,196,4,33,False,0,999.124,-2031.0,-819.0,812.0,2022,Monaco Grand Prix
23,48,MEDIUM,26.0,22.5,69.0,1003.2,False,29.6,0,1.5,00:20.567,11929,197,4,0,True,0,1001.385,-2018.7208600200308,-800.8475447346932,810.1208285360519,2022,Monaco Grand Prix
23,48,MEDIUM,26.0,22.5,69.0,1003.2,False,29.6,0,1.5,00:20.745,11484,192,4,0,True,0,1010.663,-1965.0,-723.0,802.0,2022,Monaco Grand Prix
23,48,MEDIUM,26.0,22.5,69.0,1003.2,False,29.6,0,1.5,00:20.767,11039,187,4,0,True,0,1011.774,-1957.2402975407485,-712.288173705888,801.27269751174,2022,Monaco Grand Prix
23,48,MEDIUM,26.0,22.5,69.0,1003.2,False,29.6,0,1.5,00:20.845,10561,181,4,0,True,0,1015.648,-1929.0,-674.0,799.0,2022,Monaco Grand Prix
23,48,MEDIUM,26.0,22.5,69.0,1003.2,False,29.6,0,1.5,00:20.967,10083,175,4,0,True,0,1021.496,-1892.612661067504,-625.5938914062369,794.5311399812721,2022,Monaco Grand Prix
23,48,MEDIUM,26.0,22.5,69.0,1003.2,False,29.6,0,1.5,00:21.085,9706,168,4,0,True,0,1026.891,-1862.0,-586.0,790.0,2022,Monaco Grand Prix
23,48,MEDIUM,26.0,22.5,69.0,1003.2,False,29.6,0,1.5,00:21.167,9330,162,4,0,True,0,1030.496,-1840.3616255127827,-558.6034986053052,787.3052825008243,2022,Monaco Grand Prix
23,48,MEDIUM,26.0,22.5,69.0,1003.2,False,29.6,0,1.5,00:21.245,8979,155,4,0,True,0,1033.821,-1820.0,-533.0,785.0,2022,Monaco Grand Prix
23,48,MEDIUM,26.0,22.5,69.0,1003.2,False,29.6,0,1.5,00:21.367,8628,149,4,0,True,0,1038.774,-1789.515044574268,-494.5301659557182,781.7356873115814,2022,Monaco Grand Prix
23,48,MEDIUM,26.0,22.5,69.0,1003.2,False,29.6,0,1.5,00:21.604,8532,141,4,0,True,0,1047.327,-1733.0,-426.0,776.0,2022,Monaco Grand Prix
23,48,MEDIUM,26.0,22.5,69.0,1003.2,False,29.6,0,1.5,00:21.684,8436,133,4,0,True,0,1049.981,-1714.0,-405.0,774.0,2022,Monaco Grand Prix
23,48,MEDIUM,26.0,22.5,69.0,1003.2,False,29.6,0,1.5,00:21.727,8341,126,3,0,True,0,1051.374,-1704.300309613166,-394.06925317539367,772.9618929694071,2022,Monaco Grand Prix
23,48,MEDIUM,26.0,22.5,69.0,1003.2,False,29.6,0,1.5,00:21.904,8694,118,3,0,True,0,1056.858,-1668.0,-352.0,769.0,2022,Monaco Grand Prix
23,48,MEDIUM,26.0,22.5,69.0,1003.2,False,29.6,0,1.5,00:22.047,9047,111,2,0,True,0,1061.241,-1640.7201584930112,-322.4030775335904,766.0548571979748,2022,Monaco Grand Prix
23,48,MEDIUM,26.0,22.5,69.0,1003.2,False,29.6,0,1.5,00:22.144,8672,111,2,0,True,0,1064.292,-1622.0,-303.0,764.0,2022,Monaco Grand Prix
23,48,MEDIUM,26.0,22.5,69.0,1003.2,False,29.6,0,1.5,00:22.247,8298,111,2,0,True,0,1067.407,-1601.2039756679628,-281.92963176647675,761.6497627581774,2022,Monaco Grand Prix
23,48,MEDIUM,26.0,22.5,69.0,1003.2,False,29.6,0,1.5,00:22.364,7974,102,2,0,True,0,1070.538,-1577.0,-259.0,759.0,2022,Monaco Grand Prix
23,48,MEDIUM,26.0,22.5,69.0,1003.2,False,29.6,0,1.5,00:22.447,7651,94,2,0,True,0,1072.629,-1559.8642770540043,-244.53165366365994,757.2997767441113,2022,Monaco Grand Prix
23,48,MEDIUM,26.0,22.5,69.0,1003.2,False,29.6,0,1.5,00:22.564,7375,91,2,0,True,0,1075.537,-1536.0,-227.0,755.0,2022,Monaco Grand Prix
23,48,MEDIUM,26.0,22.5,69.0,1003.2,False,29.6,0,1.5,00:22.727,7100,88,2,0,True,0,1079.474,-1503.8965339562496,-209.00009370094455,751.6079241964372,2022,Monaco Grand Prix
23,48,MEDIUM,26.0,22.5,69.0,1003.2,False,29.6,0,1.5,00:22.845,6914,85,2,0,True,0,1082.209,-1480.0,-201.0,750.0,2022,Monaco Grand Prix
23,48,MEDIUM,26.0,22.5,69.0,1003.2,False,29.6,0,1.5,00:23.007,6728,82,2,0,True,0,1085.852,-1445.6003495720684,-197.0314022962696,749.2584065142712,2022,Monaco Grand Prix
23,48,MEDIUM,26.0,22.5,69.0,1003.2,False,29.6,0,1.5,00:23.025,6732,81,2,0,True,0,1086.253,-1442.0,-197.0,749.0,2022,Monaco Grand Prix
23,48,MEDIUM,26.0,22.5,69.0,1003.2,False,29.6,0,1.5,00:23.205,6736,80,2,0,True,0,1090.214,-1407.0,-202.0,744.0,2022,Monaco Grand Prix
23,48,MEDIUM,26.0,22.5,69.0,1003.2,False,29.6,0,1.5,00:23.247,6741,79,2,0,True,0,1091.118,-1397.0469704908817,-205.3893893470697,742.8122504704165,2022,Monaco Grand Prix
23,48,MEDIUM,26.0,22.5,69.0,1003.2,False,29.6,0,1.5,00:23.487,6420,75,2,0,True,0,1096.118,-1332.7355762815864,-235.97884607356903,737.3371298414711,2022,Monaco Grand Prix
23,48,MEDIUM,26.0,22.5,69.0,1003.2,False,29.6,0,1.5,00:23.505,6297,73,2,0,True,0,1096.483,-1329.0,-238.0,737.0,2022,Monaco Grand Prix
23,48,MEDIUM,26.0,22.5,69.0,1003.2,False,29.6,0,1.5,00:23.846,6174,71,2,0,False,0,1103.199,-1289.0642921626545,-270.9695960469412,731.7120091233996,2022,Monaco Grand Prix
23,48,MEDIUM,26.0,22.5,69.0,1003.2,False,29.6,0,1.5,00:23.885,6162,70,2,0,False,0,1103.957,-1284.0,-278.0,731.0,2022,Monaco Grand Prix
23,48,MEDIUM,26.0,22.5,69.0,1003.2,False,29.6,0,1.5,00:24.046,6151,70,2,0,False,0,1107.088,-1258.9696202229402,-315.8708562329928,727.7050231199414,2022,Monaco Grand Prix
23,48,MEDIUM,26.0,22.5,69.0,1003.2,False,29.6,0,1.5,00:24.085,6321,70,2,9,False,0,1107.85,-1254.0,-324.0,727.0,2022,Monaco Grand Prix
23,48,MEDIUM,26.0,22.5,69.0,1003.2,False,29.6,0,1.5,00:24.405,6492,71,2,18,False,0,1114.218,-1236.0,-369.0,723.0,2022,Monaco Grand Prix
23,48,MEDIUM,26.0,22.5,69.0,1003.2,False,29.6,0,1.5,00:24.487,6663,72,2,28,False,0,1115.908,-1230.4709609492106,-388.5176224269332,721.730746437642,2022,Monaco Grand Prix
23,48,MEDIUM,26.0,22.5,69.0,1003.2,False,29.6,0,1.5,00:24.685,6818,74,2,28,False,0,1120.116,-1214.0,-448.0,718.0,2022,Monaco Grand Prix
23,48,MEDIUM,26.0,22.5,69.0,1003.2,False,29.6,0,1.5,00:24.727,6973,77,2,29,False,0,1121.041,-1210.748612063504,-460.10867723212175,717.1416447442034,2022,Monaco Grand Prix
23,48,MEDIUM,26.0,22.5,69.0,1003.2,False,29.6,0,1.5,00:24.887,7389,82,2,45,False,0,1124.685,-1199.458966382325,-503.51961003379074,713.6782525652036,2022,Monaco Grand Prix
23,48,MEDIUM,26.0,22.5,69.0,1003.2,False,29.6,0,1.5,00:25.087,7830,88,2,51,False,0,1129.574,-1187.8722735714068,-548.9037013721884,709.6301632038115,2022,Monaco Grand Prix
23,48,MEDIUM,26.0,22.5,69.0,1003.2,False,29.6,0,1.5,00:25.125,8579,95,2,58,False,0,1130.566,-1186.0,-556.0,709.0,2022,Monaco Grand Prix
23,48,MEDIUM,26.0,22.5,69.0,1003.2,False,29.6,0,1.5,00:25.487,9329,102,2,65,False,0,1140.908,-1166.8307061231797,-618.6951795535258,703.4710154135324,2022,Monaco Grand Prix
23,48,MEDIUM,26.0,22.5,69.0,1003.2,False,29.6,0,1.5,00:25.505,9655,106,2,68,False,0,1141.445,-1165.0,-624.0,703.0,2022,Monaco Grand Prix
23,48,MEDIUM,26.0,22.5,69.0,1003.2,False,29.6,0,1.5,00:25.687,9982,110,2,72,False,0,1147.019,-1140.2326881260926,-694.0188696081538,696.8044733834572,2022,Monaco Grand Prix
23,48,MEDIUM,26.0,22.5,69.0,1003.2,False,29.6,0,1.5,00:25.785,10354,115,2,74,False,0,1150.208,-1127.0,-730.0,694.0,2022,Monaco Grand Prix
23,48,MEDIUM,26.0,22.5,69.0,1003.2,False,29.6,0,1.5,00:25.887,10727,120,2,76,False,0,1153.685,-1115.735252638644,-759.0737694154275,692.2892044583681,2022,Monaco Grand Prix
23,48,MEDIUM,26.0,22.5,69.0,1003.2,False,29.6,0,1.5,00:26.105,10887,124,2,39,False,0,1161.56,-1095.0,-807.0,690.0,2022,Monaco Grand Prix
23,48,MEDIUM,26.0,22.5,69.0,1003.2,False,29.6,0,1.5,00:26.167,11047,129,2,2,True,0,1163.719,-1087.8819463122088,-822.7493534645384,688.6058778861736,2022,Monaco Grand Prix
23,48,MEDIUM,26.0,22.5,69.0,1003.2,False,29.6,0,1.5,00:26.385,10360,122,2,1,True,0,1170.658,-1057.0,-887.0,682.0,2022,Monaco Grand Prix
23,48,MEDIUM,26.0,22.5,69.0,1003.2,False,29.6,0,1.5,00:26.585,9673,115,2,0,True,0,1176.423,-1021.0,-952.0,677.0,2022,Monaco Grand Prix
23,48,MEDIUM,26.0,22.5,69.0,1003.2,False,29.6,0,1.5,00:26.607,8987,109,2,0,True,0,1177.041,-1017.4189405715057,-957.9390900292711,676.5565401796086,2022,Monaco Grand Prix
23,48,MEDIUM,26.0,22.5,69.0,1003.2,False,29.6,0,1.5,00:26.807,8164,98,2,0,True,0,1182.485,-988.7044911752693,-1000.330744117851,673.2851930962956,2022,Monaco Grand Prix
23,48,MEDIUM,26.0,22.5,69.0,1003.2,False,29.6,0,1.5,00:26.825,7923,95,2,0,True,0,1182.953,-986.0,-1004.0,673.0,2022,Monaco Grand Prix
23,48,MEDIUM,26.0,22.5,69.0,1003.2,False,29.6,0,1.5,00:27.025,7682,92,2,0,True,0,1187.898,-954.0,-1045.0,670.0,2022,Monaco Grand Prix
23,48,MEDIUM,26.0,22.5,69.0,1003.2,False,29.6,0,1.5,00:27.047,7442,89,2,0,True,0,1188.419,-950.6473706511757,-1048.978172625493,669.7758498894616,2022,Monaco Grand Prix
23,48,MEDIUM,26.0,22.5,69.0,1003.2,False,29.6,0,1.5,00:27.125,7828,86,2,0,True,0,1190.232,-939.0,-1062.0,669.0,2022,Monaco Grand Prix
23,48,MEDIUM,26.0,22.5,69.0,1003.2,False,29.6,0,1.5,00:27.325,8214,83,2,0,True,0,1194.646,-907.0,-1090.0,665.0,2022,Monaco Grand Prix
23,48,MEDIUM,26.0,22.5,69.0,1003.2,False,29.6,0,1.5,00:27.367,8600,80,1,0,True,0,1195.53,-899.9750429034387,-1095.1648934863001,664.275843012487,2022,Monaco Grand Prix
23,48,MEDIUM,26.0,22.5,69.0,1003.2,False,29.6,0,1.5,00:27.645,7948,75,1,0,True,0,1200.988,-853.0,-1122.0,661.0,2022,Monaco Grand Prix
23,48,MEDIUM,26.0,22.5,69.0,1003.2,False,29.6,0,1.5,00:27.687,7296,70,1,0,True,0,1201.752,-846.3618182394274,-1124.4094409134964,660.4393236020724,2022,Monaco Grand Prix
23,48,MEDIUM,26.0,22.5,69.0,1003.2,False,29.6,0,1.5,00:27.805,7100,66,1,0,True,0,1203.812,-828.0,-1129.0,659.0,2022,Monaco Grand Prix
23,48,MEDIUM,26.0,22.5,69.0,1003.2,False,29.6,0,1.5,00:27.887,6904,62,1,0,True,0,1205.196,-814.6206237801089,-1130.8245937666065,658.6481898983823,2022,Monaco Grand Prix
23,48,MEDIUM,26.0,22.5,69.0,1003.2,False,29.6,0,1.5,00:28.044,6611,60,1,0,True,0,1207.788,-789.0,-1131.0,658.0,2022,Monaco Grand Prix
23,48,MEDIUM,26.0,22.5,69.0,1003.2,False,29.6,0,1.5,00:28.204,6318,59,1,0,True,0,1210.333,-766.0,-1124.0,655.0,2022,Monaco Grand Prix
23,48,MEDIUM,26.0,22.5,69.0,1003.2,False,29.6,0,1.5,00:28.247,6025,58,1,0,True,0,1210.996,-760.1248302159843,-1119.0055754578304,654.638627946492,2022,Monaco Grand Prix
23,48,MEDIUM,26.0,22.5,69.0,1003.2,False,29.6,0,1.5,00:28.504,5755,55,1,0,True,0,1214.774,-732.0,-1074.0,656.0,2022,Monaco Grand Prix
23,48,MEDIUM,26.0,22.5,69.0,1003.2,False,29.6,0,1.5,00:28.687,5485,52,1,0,False,0,1217.352,-729.3337413803197,-1061.7609189727063,654.9336757184652,2022,Monaco Grand Prix
23,48,MEDIUM,26.0,22.5,69.0,1003.2,False,29.6,0,1.5,00:28.764,5290,51,1,0,False,0,1218.424,-730.0,-1056.0,654.0,2022,Monaco Grand Prix
23,48,MEDIUM,26.0,22.5,69.0,1003.2,False,29.6,0,1.5,00:28.847,5096,50,1,0,False,0,1219.574,-730.7554942613689,-1046.6491691119218,652.7725114389752,2022,Monaco Grand Prix
23,48,MEDIUM,26.0,22.5,69.0,1003.2,False,29.6,0,1.5,00:29.104,4960,49,1,0,False,0,1223.094,-735.0,-1006.0,648.0,2022,Monaco Grand Prix
23,48,MEDIUM,26.0,22.5,69.0,1003.2,False,29.6,0,1.5,00:29.167,4824,49,1,0,False,0,1223.93,-737.1483259763237,-996.949653278152,646.8002829165947,2022,Monaco Grand Prix
23,48,MEDIUM,26.0,22.5,69.0,1003.2,False,29.6,0,1.5,00:29.344,4823,47,1,0,False,0,1226.198,-745.0,-974.0,644.0,2022,Monaco Grand Prix
23,48,MEDIUM,26.0,22.5,69.0,1003.2,False,29.6,0,1.5,00:29.527,4822,46,1,1,False,0,1228.53,-754.0200002120588,-952.1113093405888,643.1191641367421,2022,Monaco Grand Prix
23,48,MEDIUM,26.0,22.5,69.0,1003.2,False,29.6,0,1.5,00:29.545,4711,46,1,3,False,0,1228.765,-755.0,-950.0,643.0,2022,Monaco Grand Prix
23,48,MEDIUM,26.0,22.5,69.0,1003.2,False,29.6,0,1.5,00:29.687,4601,47,1,5,False,0,1230.619,-763.4093697416816,-933.5048183420131,641.529765838797,2022,Monaco Grand Prix
23,48,MEDIUM,26.0,22.5,69.0,1003.2,False,29.6,0,1.5,00:29.745,4713,45,1,6,False,0,1231.34,-767.0,-927.0,641.0,2022,Monaco Grand Prix
23,48,MEDIUM,26.0,22.5,69.0,1003.2,False,29.6,0,1.5,00:29.905,4826,44,1,7,False,0,1233.227,-777.0,-910.0,640.0,2022,Monaco Grand Prix
23,48,MEDIUM,26.0,22.5,69.0,1003.2,False,29.6,0,1.5,00:29.967,4939,43,1,9,False,0,1233.963,-780.8847806736994,-903.737819376326,639.2673818496626,2022,Monaco Grand Prix
23,48,MEDIUM,26.0,22.5,69.0,1003.2,False,29.6,0,1.5,00:30.105,5090,43,1,9,False,0,1235.643,-790.0,-890.0,637.0,2022,Monaco Grand Prix
23,48,MEDIUM,26.0,22.5,69.0,1003.2,False,29.6,0,1.5,00:30.127,5241,44,1,9,False,0,1235.919,-791.6064935465266,-887.749869723341,636.628768698174,2022,Monaco Grand Prix
23,48,MEDIUM,26.0,22.5,69.0,1003.2,False,29.6,0,1.5,00:30.286,5493,47,1,15,False,0,1237.994,-804.5781775244966,-870.8891204751551,633.9966533294531,2022,Monaco Grand Prix
23,48,MEDIUM,26.0,22.5,69.0,1003.2,False,29.6,0,1.5,00:30.365,5960,50,1,19,False,0,1239.11,-812.0,-862.0,633.0,2022,Monaco Grand Prix
23,48,MEDIUM,26.0,22.5,69.0,1003.2,False,29.6,0,1.5,00:30.526,6428,53,1,23,False,0,1241.528,-829.1424124709919,-842.7451062866762,631.8053431970624,2022,Monaco Grand Prix
23,48,MEDIUM,26.0,22.5,69.0,1003.2,False,29.6,0,1.5,00:30.605,6745,55,1,31,False,0,1242.753,-838.0,-833.0,631.0,2022,Monaco Grand Prix
23,48,MEDIUM,26.0,22.5,69.0,1003.2,False,29.6,0,1.5,00:30.766,7062,58,1,40,False,0,1245.394,-856.2533985315957,-812.8751809188367,628.0931390538381,2022,Monaco Grand Prix
23,48,MEDIUM,26.0,22.5,69.0,1003.2,False,29.6,0,1.5,00:30.925,7885,64,1,45,False,0,1248.34,-873.0,-795.0,625.0,2022,Monaco Grand Prix
23,48,MEDIUM,26.0,22.5,69.0,1003.2,False,29.6,0,1.5,00:31.127,8708,71,1,51,False,0,1252.514,-891.3340955652103,-777.1631195896985,622.6249776849276,2022,Monaco Grand Prix
23,48,MEDIUM,26.0,22.5,69.0,1003.2,False,29.6,0,1.5,00:31.225,9378,77,1,55,False,0,1254.683,-906.0,-762.0,621.0,2022,Monaco Grand Prix
23,48,MEDIUM,26.0,22.5,69.0,1003.2,False,29.6,0,1.5,00:31.407,10048,83,1,59,False,0,1258.97,-946.4502520692139,-717.9931860200625,616.4195515079948,2022,Monaco Grand Prix
23,48,MEDIUM,26.0,22.5,69.0,1003.2,False,29.6,0,1.5,00:31.425,10369,87,1,58,False,0,1259.413,-950.0,-714.0,616.0,2022,Monaco Grand Prix
23,48,MEDIUM,26.0,22.5,69.0,1003.2,False,29.6,0,1.5,00:31.607,10691,92,1,57,False,0,1264.081,-975.2070142869956,-683.7174128992344,612.7395681557709,2022,Monaco Grand Prix
23,48,MEDIUM,26.0,22.5,69.0,1003.2,False,29.6,0,1.5,00:31.725,9991,94,1,28,False,0,1267.238,-988.0,-665.0,611.0,2022,Monaco Grand Prix
23,48,MEDIUM,26.0,22.5,69.0,1003.2,False,29.6,0,1.5,00:31.807,9291,96,1,0,True,0,1269.414,-997.5786678406093,-649.3823689784828,609.766621886015,2022,Monaco Grand Prix
23,48,MEDIUM,26.0,22.5,69.0,1003.2,False,29.6,0,1.5,00:31.945,8731,94,1,0,True,0,1272.948,-1013.0,-619.0,608.0,2022,Monaco Grand Prix
23,48,MEDIUM,26.0,22.5,69.0,1003.2,False,29.6,0,1.5,00:31.967,8171,92,2,0,True,0,1273.503,-1015.0525092109301,-613.8019707349451,607.8125566487589,2022,Monaco Grand Prix
23,48,MEDIUM,26.0,22.5,69.0,1003.2,False,29.6,0,1.5,00:32.105,7744,90,2,0,True,0,1276.955,-1025.0,-580.0,607.0,2022,Monaco Grand Prix
23,48,MEDIUM,26.0,22.5,69.0,1003.2,False,29.6,0,1.5,00:32.207,7317,89,2,0,True,0,1279.436,-1028.518746882731,-555.9691286290875,606.218665465486,2022,Monaco Grand Prix
23,48,MEDIUM,26.0,22.5,69.0,1003.2,False,29.6,0,1.5,00:32.305,7053,86,2,0,True,0,1281.742,-1029.0,-534.0,605.0,2022,Monaco Grand Prix
23,48,MEDIUM,26.0,22.5,69.0,1003.2,False,29.6,0,1.5,00:32.505,6790,83,2,0,True,0,1286.226,-1022.0,-492.0,601.0,2022,Monaco Grand Prix
23,48,MEDIUM,26.0,22.5,69.0,1003.2,False,29.6,0,1.5,00:32.607,6527,81,2,0,True,0,1288.436,-1014.5255713632898,-470.5691163132532,599.46658958931,2022,Monaco Grand Prix
23,48,MEDIUM,26.0,22.5,69.0,1003.2,False,29.6,0,1.5,00:32.705,6513,79,2,0,True,0,1290.517,-1006.0,-451.0,598.0,2022,Monaco Grand Prix
23,48,MEDIUM,26.0,22.5,69.0,1003.2,False,29.6,0,1.5,00:33.005,6499,77,2,0,True,0,1296.728,-968.0,-398.0,591.0,2022,Monaco Grand Prix
23,48,MEDIUM,26.0,22.5,69.0,1003.2,False,29.6,0,1.5,00:33.007,6485,75,2,0,False,0,1296.77,-967.5324703336796,-397.58021806116477,590.9480675444601,2022,Monaco Grand Prix
23,48,MEDIUM,26.0,22.5,69.0,1003.2,False,29.6,0,1.5,00:33.205,6536,75,2,2,False,0,1300.891,-913.0,-355.0,586.0,2022,Monaco Grand Prix
23,48,MEDIUM,26.0,22.5,69.0,1003.2,False,29.6,0,1.5,00:33.247,6588,75,2,5,False,0,1301.77,-904.9710096920494,-349.1557618077492,585.1779311946576,2022,Monaco Grand Prix
23,48,MEDIUM,26.0,22.5,69.0,1003.2,False,29.6,0,1.5,00:33.545,6955,75,2,15,False,0,1308.05,-877.0,-333.0,581.0,2022,Monaco Grand Prix
23,48,MEDIUM,26.0,22.5,69.0,1003.2,False,29.6,0,1.5,00:33.607,7322,76,2,25,False,0,1309.37,-865.60171931563,-326.7178666175965,579.9327502568281,2022,Monaco Grand Prix
23,48,MEDIUM,26.0,22.5,69.0,1003.2,False,29.6,0,1.5,00:33.705,7393,77,2,32,False,0,1311.467,-844.0,-315.0,578.0,2022,Monaco Grand Prix
23,48,MEDIUM,26.0,22.5,69.0,1003.2,False,29.6,0,1.5,00:33.887,7464,79,2,39,False,0,1315.514,-804.3232250162903,-296.1362891094122,573.6148521488938,2022,Monaco Grand Prix
23,48,MEDIUM,26.0,22.5,69.0,1003.2,False,29.6,0,1.5,00:34.105,7734,82,2,43,False,0,1320.913,-760.0,-277.0,569.0,2022,Monaco Grand Prix
23,48,MEDIUM,26.0,22.5,69.0,1003.2,False,29.6,0,1.5,00:34.185,8004,86,2,48,False,0,1322.954,-744.0,-270.0,568.0,2022,Monaco Grand Prix
23,48,MEDIUM,26.0,22.5,69.0,1003.2,False,29.6,0,1.5,00:34.207,8274,90,2,53,False,0,1323.514,-738.3260171353718,-267.71847970124315,567.6670116574754,2022,Monaco Grand Prix
23,48,MEDIUM,26.0,22.5,69.0,1003.2,False,29.6,0,1.5,00:34.367,8856,93,2,60,False,0,1327.647,-678.1437143754166,-245.94505633671793,564.1700972514108,2022,Monaco Grand Prix
23,48,MEDIUM,26.0,22.5,69.0,1003.2,False,29.6,0,1.5,00:34.465,9200,99,2,64,False,0,1330.383,-643.0,-234.0,562.0,2022,Monaco Grand Prix
23,48,MEDIUM,26.0,22.5,69.0,1003.2,False,29.6,0,1.5,00:34.687,9544,105,2,68,False,0,1336.981,-595.4068645837833,-219.6887957635279,558.4208109894653,2022,Monaco Grand Prix
23,48,MEDIUM,26.0,22.5,69.0,1003.2,False,29.6,0,1.5,00:34.824,9255,104,2,45,False,0,1341.01,-567.0,-213.0,557.0,2022,Monaco Grand Prix
23,48,MEDIUM,26.0,22.5,69.0,1003.2,False,29.6,0,1.5,00:35.084,8966,104,2,22,False,0,1348.453,-492.0,-198.0,555.0,2022,Monaco Grand Prix
23,48,MEDIUM,26.0,22.5,69.0,1003.2,False,29.6,0,1.5,00:35.087,8678,104,2,0,True,0,1348.536,-491.20536564034364,-197.89564039621072,554.9615436640723,2022,Monaco Grand Prix
23,48,MEDIUM,26.0,22.5,69.0,1003.2,False,29.6,0,1.5,00:35.224,8454,101,2,0,True,0,1352.297,-457.0,-195.0,553.0,2022,Monaco Grand Prix
23,48,MEDIUM,26.0,22.5,69.0,1003.2,False,29.6,0,1.5,00:35.287,8231,98,2,0,True,0,1353.981,-439.64622814828317,-193.87991552097856,552.529788282834,2022,Monaco Grand Prix
23,48,MEDIUM,26.0,22.5,69.0,1003.2,False,29.6,0,1.5,00:35.384,7916,95,2,0,True,0,1356.513,-412.0,-193.0,552.0,2022,Monaco Grand Prix
23,48,MEDIUM,26.0,22.5,69.0,1003.2,False,29.6,0,1.5,00:35.567,7601,92,2,0,True,0,1361.136,-366.3479217111758,-198.14821274731244,549.4791033642838,2022,Monaco Grand Prix
23,48,MEDIUM,26.0,22.5,69.0,1003.2,False,29.6,0,1.5,00:35.604,7425,90,2,0,True,0,1362.058,-358.0,-200.0,549.0,2022,Monaco Grand Prix
23,48,MEDIUM,26.0,22.5,69.0,1003.2,False,29.6,0,1.5,00:35.824,7249,89,2,0,True,0,1367.434,-313.0,-217.0,547.0,2022,Monaco Grand Prix
23,48,MEDIUM,26.0,22.5,69.0,1003.2,False,29.6,0,1.5,00:35.847,7073,88,2,0,True,0,1367.981,-308.5310468928348,-219.71839637592976,546.7859720479005,2022,Monaco Grand Prix
23,48,MEDIUM,26.0,22.5,69.0,1003.2,False,29.6,0,1.5,00:36.045,7064,85,2,0,True,0,1372.562,-273.0,-249.0,545.0,2022,Monaco Grand Prix
23,48,MEDIUM,26.0,22.5,69.0,1003.2,False,29.6,0,1.5,00:36.087,7056,83,2,0,False,0,1373.514,-266.9730410882508,-255.3669282939976,544.8081643887263,2022,Monaco Grand Prix
23,48,MEDIUM,26.0,22.5,69.0,1003.2,False,29.6,0,1.5,00:36.385,6903,81,2,0,False,0,1380.127,-236.0,-316.0,545.0,2022,Monaco Grand Prix
23,48,MEDIUM,26.0,22.5,69.0,1003.2,False,29.6,0,1.5,00:36.565,6750,80,2,0,False,0,1384.005,-219.0,-385.0,545.0,2022,Monaco Grand Prix
23,48,MEDIUM,26.0,22.5,69.0,1003.2,False,29.6,0,1.5,00:36.567,6598,79,2,0,False,0,1384.047,-218.87046453138234,-385.58101193079096,544.9997112002586,2022,Monaco Grand Prix
23,48,MEDIUM,26.0,22.5,69.0,1003.2,False,29.6,0,1.5,00:36.885,6918,77,2,7,False,0,1390.735,-214.0,-424.0,545.0,2022,Monaco Grand Prix
23,48,MEDIUM,26.0,22.5,69.0,1003.2,False,29.6,0,1.5,00:36.966,7238,76,2,14,False,0,1392.471,-212.72970128830025,-440.617527406555,545.0005508947359,2022,Monaco Grand Prix
23,48,MEDIUM,26.0,22.5,69.0,1003.2,False,29.6,0,1.5,00:37.065,7367,77,2,24,False,0,1394.63,-211.0,-463.0,545.0,2022,Monaco Grand Prix
23,48,MEDIUM,26.0,22.5,69.0,1003.2,False,29.6,0,1.5,00:37.365,7497,79,2,34,False,0,1401.446,-210.0,-500.0,545.0,2022,Monaco Grand Prix
23,48,MEDIUM,26.0,22.5,69.0,1003.2,False,29.6,0,1.5,00:37.367,7627,81,2,44,False,0,1401.493,-209.99651719049,-500.19176704995704,544.9999997687114,2022,Monaco Grand Prix
23,48,MEDIUM,26.0,22.5,69.0,1003.2,False,29.6,0,1.5,00:37.585,7986,84,2,51,False,0,1406.76,-210.0,-534.0,545.0,2022,Monaco Grand Prix
23,48,MEDIUM,26.0,22.5,69.0,1003.2,False,29.6,0,1.5,00:37.647,8346,88,2,59,False,0,1408.338,-210.7562818598371,-559.2323846210048,545.0002916294152,2022,Monaco Grand Prix
23,48,MEDIUM,26.0,22.5,69.0,1003.2,False,29.6,0,1.5,00:37.785,8836,93,2,61,False,0,1412.0,-213.0,-624.0,545.0,2022,Monaco Grand Prix
23,48,MEDIUM,26.0,22.5,69.0,1003.2,False,29.6,0,1.5,00:37.927,9326,98,2,64,False,0,1415.96,-213.78418638211386,-650.0584991917435,544.9946250809622,2022,Monaco Grand Prix
23,48,MEDIUM,26.0,22.5,69.0,1003.2,False,29.6,0,1.5,00:38.085,9421,101,2,66,False,0,1420.567,-215.0,-670.0,545.0,2022,Monaco Grand Prix
23,48,MEDIUM,26.0,22.5,69.0,1003.2,False,29.6,0,1.5,00:38.087,9516,105,2,68,False,0,1420.627,-215.03505770998646,-670.5129495603862,545.0002761449836,2022,Monaco Grand Prix
23,48,MEDIUM,26.0,22.5,69.0,1003.2,False,29.6,0,1.5,00:38.327,10547,113,2,74,False,0,1428.16,-222.5633018108951,-775.740672463216,545.0603567516729,2022,Monaco Grand Prix
23,48,MEDIUM,26.0,22.5,69.0,1003.2,False,29.6,0,1.5,00:38.465,10304,120,2,80,False,0,1432.894,-227.0,-833.0,545.0,2022,Monaco Grand Prix
23,48,MEDIUM,26.0,22.5,69.0,1003.2,False,29.6,0,1.5,00:38.647,10062,127,2,87,False,0,1439.449,-230.79172455988112,-872.7307801821088,544.7157154124791,2022,Monaco Grand Prix
23,48,MEDIUM,26.0,22.5,69.0,1003.2,False,29.6,0,1.5,00:38.785,10142,129,2,89,False,0,1444.501,-234.0,-906.0,544.0,2022,Monaco Grand Prix
23,48,MEDIUM,26.0,22.5,69.0,1003.2,False,29.6,0,1.5,00:38.905,10222,132,2,91,False,0,1449.017,-238.0,-952.0,543.0,2022,Monaco Grand Prix
23,48,MEDIUM,26.0,22.5,69.0,1003.2,False,29.6,0,1.5,00:38.967,10303,135,3,93,False,0,1451.449,-240.32508138510943,-977.4069143615468,542.7187433918209,2022,Monaco Grand Prix
23,48,MEDIUM,26.0,22.5,69.0,1003.2,False,29.6,0,1.5,00:39.167,10739,150,3,96,False,0,1459.782,-248.1868177668493,-1061.1085938518008,542.9374861419828,2022,Monaco Grand Prix
23,48,MEDIUM,26.0,22.5,69.0,1003.2,False,29.6,0,1.5,00:39.225,10697,156,3,97,False,0,1462.359,-250.0,-1085.0,543.0,2022,Monaco Grand Prix
23,48,MEDIUM,26.0,22.5,69.0,1003.2,False,29.6,0,1.5,00:39.385,10655,162,3,98,False,0,1469.827,-254.0,-1155.0,543.0,2022,Monaco Grand Prix
23,48,MEDIUM,26.0,22.5,69.0,1003.2,False,29.6,0,1.5,00:39.487,10613,168,4,100,False,0,1474.716,-257.13464829804917,-1218.2933583264962,543.0260494896609,2022,Monaco Grand Prix
23,48,MEDIUM,26.0,22.5,69.0,1003.2,False,29.6,0,1.5,00:39.665,11015,172,4,100,False,0,1483.397,-263.0,-1339.0,543.0,2022,Monaco Grand Prix
23,48,MEDIUM,26.0,22.5,69.0,1003.2,False,29.6,0,1.5,00:39.727,11418,177,4,100,False,0,1486.516,-264.60625179201975,-1370.5236505100272,542.8878318108315,2022,Monaco Grand Prix
23,48,MEDIUM,26.0,22.5,69.0,1003.2,False,29.6,0,1.5,00:40.045,11136,185,4,100,False,0,1503.434,-272.0,-1484.0,542.0,2022,Monaco Grand Prix
23,48,MEDIUM,26.0,22.5,69.0,1003.2,False,29.6,0,1.5,00:40.127,10854,193,5,100,False,0,1507.96,-275.2221672476294,-1522.9255865394334,541.9794781369615,2022,Monaco Grand Prix
23,48,MEDIUM,26.0,22.5,69.0,1003.2,False,29.6,0,1.5,00:40.205,10998,196,5,100,False,0,1512.309,-281.0,-1571.0,542.0,2022,Monaco Grand Prix
23,48,MEDIUM,26.0,22.5,69.0,1003.2,False,29.6,0,1.5,00:40.445,11142,200,5,100,False,0,1525.977,-320.0,-1784.0,542.0,2022,Monaco Grand Prix
23,48,MEDIUM,26.0,22.5,69.0,1003.2,False,29.6,0,1.5,00:40.447,11287,204,5,100,False,0,1526.093,-320.317813390453,-1785.5424175177122,542.0008672054392,2022,Monaco Grand Prix
23,48,MEDIUM,26.0,22.5,69.0,1003.2,False,29.6,0,1.5,00:40.727,10522,213,5,100,False,0,1542.66,-353.7195335945124,-1918.7046428574367,542.3392183899521,2022,Monaco Grand Prix
23,48,MEDIUM,26.0,22.5,69.0,1003.2,False,29.6,0,1.5,00:40.887,10469,219,6,100,False,0,1552.393,-371.3325925266193,-1969.9128367307678,542.2039814738822,2022,Monaco Grand Prix
23,48,MEDIUM,26.0,22.5,69.0,1003.2,False,29.6,0,1.5,00:40.945,10593,220,6,100,False,0,1555.947,-379.0,-1993.0,542.0,2022,Monaco Grand Prix
23,48,MEDIUM,26.0,22.5,69.0,1003.2,False,29.6,0,1.5,00:41.087,10718,222,6,100,False,0,1564.727,-400.8869751518221,-2060.025617448959,541.2117689650131,2022,Monaco Grand Prix
23,48,MEDIUM,26.0,22.5,69.0,1003.2,False,29.6,0,1.5,00:41.145,10843,225,6,100,False,0,1568.368,-412.0,-2093.0,541.0,2022,Monaco Grand Prix
23,48,MEDIUM,26.0,22.5,69.0,1003.2,False,29.6,0,1.5,00:41.247,10968,228,6,100,False,0,1574.86,-435.560271052228,-2160.421463880691,540.9631196033919,2022,Monaco Grand Prix
23,48,MEDIUM,26.0,22.5,69.0,1003.2,False,29.6,0,1.5,00:41.304,11132,231,6,100,False,0,1578.545,-453.0,-2208.0,541.0,2022,Monaco Grand Prix
23,48,MEDIUM,26.0,22.5,69.0,1003.2,False,29.6,0,1.5,00:41.504,11297,234,6,100,False,0,1591.769,-533.0,-2416.0,541.0,2022,Monaco Grand Prix
23,48,MEDIUM,26.0,22.5,69.0,1003.2,False,29.6,0,1.5,00:41.607,11462,238,6,100,False,0,1598.66,-559.1850820180314,-2482.299246393305,540.9936838249112,2022,Monaco Grand Prix
23,48,MEDIUM,26.0,22.5,69.0,1003.2,False,29.6,0,1.5,00:41.884,11249,241,6,100,False,0,1617.361,-595.0,-2565.0,541.0,2022,Monaco Grand Prix
23,48,MEDIUM,26.0,22.5,69.0,1003.2,False,29.6,0,1.5,00:41.967,11036,244,6,100,False,0,1623.06,-614.672004779345,-2610.3677298551493,540.9997588785484,2022,Monaco Grand Prix
23,48,MEDIUM,26.0,22.5,69.0,1003.2,False,29.6,0,1.5,00:42.064,10882,249,6,100,False,0,1629.792,-642.0,-2672.0,541.0,2022,Monaco Grand Prix
23,48,MEDIUM,26.0,22.5,69.0,1003.2,False,29.6,0,1.5,00:42.447,10729,254,7,100,False,0,1656.927,-767.7278420991358,-2915.697025810805,541.0034402056503,2022,Monaco Grand Prix
23,48,MEDIUM,26.0,22.5,69.0,1003.2,False,29.6,0,1.5,00:42.464,10765,255,7,100,False,0,1658.138,-774.0,-2926.0,541.0,2022,Monaco Grand Prix
23,48,MEDIUM,26.0,22.5,69.0,1003.2,False,29.6,0,1.5,00:42.504,10802,256,7,100,False,0,1660.991,-789.0,-2950.0,541.0,2022,Monaco Grand Prix
23,48,MEDIUM,26.0,22.5,69.0,1003.2,False,29.6,0,1.5,00:42.745,10838,257,7,100,False,0,1678.267,-888.0,-3089.0,542.0,2022,Monaco Grand Prix
23,48,MEDIUM,26.0,22.5,69.0,1003.2,False,29.6,0,1.5,00:42.767,10875,258,7,100,False,0,1679.86,-897.9581669306052,-3101.224006318505,542.0576225697795,2022,Monaco Grand Prix
23,48,MEDIUM,26.0,22.5,69.0,1003.2,False,29.6,0,1.5,00:43.007,11118,263,7,100,False,0,1697.393,-1016.2166241989584,-3228.423669115763,542.0080773711117,2022,Monaco Grand Prix
23,48,MEDIUM,26.0,22.5,69.0,1003.2,False,29.6,0,1.5,00:43.045,11116,264,7,100,False,0,1700.181,-1036.0,-3247.0,542.0,2022,Monaco Grand Prix
23,48,MEDIUM,26.0,22.5,69.0,1003.2,False,29.6,0,1.5,00:43.207,11115,265,7,100,False,0,1712.116,-1126.204932684172,-3322.3978489113356,542.0245932887207,2022,Monaco Grand Prix
23,48,MEDIUM,26.0,22.5,69.0,1003.2,False,29.6,0,1.5,00:43.225,11218,267,7,100,False,0,1713.452,-1138.0,-3331.0,542.0,2022,Monaco Grand Prix
23,48,MEDIUM,26.0,22.5,69.0,1003.2,False,29.6,0,1.5,00:43.505,11322,269,7,100,False,0,1734.525,-1355.0,-3465.0,541.0,2022,Monaco Grand Prix
23,48,MEDIUM,26.0,22.5,69.0,1003.2,False,29.6,0,1.5,00:43.726,11426,272,7,100,False,0,1751.329,-1476.6007816674246,-3525.4046754861347,541.1414992002016,2022,Monaco Grand Prix
23,48,MEDIUM,26.0,22.5,69.0,1003.2,False,29.6,0,1.5,00:43.865,11407,273,7,100,False,0,1761.907,-1555.0,-3561.0,541.0,2022,Monaco Grand Prix
23,48,MEDIUM,26.0,22.5,69.0,1003.2,False,29.6,0,1.5,00:43.886,11388,274,7,100,False,0,1763.507,-1568.5865924008326,-3567.298311306985,540.9237186986093,2022,Monaco Grand Prix
23,48,MEDIUM,26.0,22.5,69.0,1003.2,False,29.6,0,1.5,00:44.047,11493,275,7,100,False,0,1775.805,-1685.3986896015265,-3622.443565133836,540.055135971691,2022,Monaco Grand Prix
23,48,MEDIUM,26.0,22.5,69.0,1003.2,False,29.6,0,1.5,00:44.105,11567,277,7,100,False,0,1780.273,-1728.0,-3643.0,540.0,2022,Monaco Grand Prix
23,48,MEDIUM,26.0,22.5,69.0,1003.2,False,29.6,0,1.5,00:44.287,11641,279,7,100,False,0,1794.405,-1855.083689356045,-3705.9665820832624,540.9362561042435,2022,Monaco Grand Prix
23,48,MEDIUM,26.0,22.5,69.0,1003.2,False,29.6,0,1.5,00:44.305,11697,279,7,100,False,0,1795.806,-1867.0,-3712.0,541.0,2022,Monaco Grand Prix
23,48,MEDIUM,26.0,22.5,69.0,1003.2,False,29.6,0,1.5,00:44.485,11754,280,7,100,False,0,1809.841,-1992.0,-3776.0,541.0,2022,Monaco Grand Prix
23,48,MEDIUM,26.0,22.5,69.0,1003.2,False,29.6,0,1.5,00:44.745,11810,281,7,100,False,0,1830.263,-2265.0,-3913.0,541.0,2022,Monaco Grand Prix
23,48,MEDIUM,26.0,22.5,69.0,1003.2,False,29.6,0,1.5,00:44.767,11867,282,7,100,False,0,1832.005,-2283.253171430136,-3922.191137879877,541.0071997250666,2022,Monaco Grand Prix
23,48,MEDIUM,26.0,22.5,69.0,1003.2,False,29.6,0,1.5,00:45.047,11918,286,7,91,False,0,1854.25,-2420.452477764347,-3990.651487927627,541.2506469906675,2022,Monaco Grand Prix
23,48,MEDIUM,26.0,22.5,69.0,1003.2,False,29.6,0,1.5,00:45.185,11713,284,7,45,False,0,1865.06,-2553.0,-4046.0,542.0,2022,Monaco Grand Prix
23,48,MEDIUM,26.0,22.5,69.0,1003.2,False,29.6,0,1.5,00:45.287,11508,282,7,0,False,0,1873.05,-2702.217083508292,-4106.164458659965,542.8747009964156,2022,Monaco Grand Prix
23,48,MEDIUM,26.0,22.5,69.0,1003.2,False,29.6,0,1.5,00:45.305,11386,282,7,0,False,0,1874.466,-2727.0,-4116.0,543.0,2022,Monaco Grand Prix
23,48,MEDIUM,26.0,22.5,69.0,1003.2,False,29.6,0,1.5,00:45.447,11265,282,7,0,True,0,1885.583,-2876.582022305497,-4173.2628923131915,543.4028115692472,2022,Monaco Grand Prix
23,48,MEDIUM,26.0,22.5,69.0,1003.2,False,29.6,0,1.5,00:45.805,10920,270,7,0,True,0,1911.344,-3034.0,-4218.0,541.0,2022,Monaco Grand Prix
23,48,MEDIUM,26.0,22.5,69.0,1003.2,False,29.6,0,1.5,00:45.807,10576,259,7,0,True,0,1911.483,-3034.913307209127,-4218.23991992933,540.9805471185689,2022,Monaco Grand Prix
23,48,MEDIUM,26.0,22.5,69.0,1003.2,False,29.6,0,1.5,00:46.007,9750,247,7,0,True,0,1925.205,-3136.4104749991193,-4245.158844027834,538.7571186815137,2022,Monaco Grand Prix
23,48,MEDIUM,26.0,22.5,69.0,1003.2,False,29.6,0,1.5,00:46.165,9704,238,7,0,True,0,1935.49,-3227.0,-4267.0,536.0,2022,Monaco Grand Prix
23,48,MEDIUM,26.0,22.5,69.0,1003.2,False,29.6,0,1.5,00:46.247,9659,230,7,0,True,0,1940.539,-3276.557531926209,-4277.541721343973,534.0484111048432,2022,Monaco Grand Prix
23,48,MEDIUM,26.0,22.5,69.0,1003.2,False,29.6,0,1.5,00:46.365,9634,219,7,0,True,0,1947.401,-3347.0,-4291.0,531.0,2022,Monaco Grand Prix
23,48,MEDIUM,26.0,22.5,69.0,1003.2,False,29.6,0,1.5,00:46.485,9609,209,7,0,True,0,1953.939,-3415.0,-4302.0,528.0,2022,Monaco Grand Prix
23,48,MEDIUM,26.0,22.5,69.0,1003.2,False,29.6,0,1.5,00:46.607,9584,199,6,0,True,0,1960.439,-3503.270022651565,-4314.136133312797,523.655481914187,2022,Monaco Grand Prix
23,48,MEDIUM,26.0,22.5,69.0,1003.2,False,29.6,0,1.5,00:46.785,9522,192,6,0,True,0,1969.712,-3631.0,-4330.0,517.0,2022,Monaco Grand Prix
23,48,MEDIUM,26.0,22.5,69.0,1003.2,False,29.6,0,1.5,00:46.847,9461,185,6,0,True,0,1972.772,-3659.4270426764833,-4333.274543649045,515.5000688858221,2022,Monaco Grand Prix
23,48,MEDIUM,26.0,22.5,69.0,1003.2,False,29.6,0,1.5,00:47.125,9365,170,6,0,True,0,1985.075,-3731.0,-4340.0,512.0,2022,Monaco Grand Prix
23,48,MEDIUM,26.0,22.5,69.0,1003.2,False,29.6,0,1.5,00:47.247,9269,155,4,0,True,0,1989.994,-3781.786161683384,-4345.395813433527,509.999926092897,2022,Monaco Grand Prix
23,48,MEDIUM,26.0,22.5,69.0,1003.2,False,29.6,0,1.5,00:47.305,9392,145,4,0,True,0,1992.264,-3806.0,-4348.0,509.0,2022,Monaco Grand Prix
23,48,MEDIUM,26.0,22.5,69.0,1003.2,False,29.6,0,1.5,00:47.487,9515,136,3,0,True,0,1999.061,-3869.0861247542484,-4354.738782455578,505.9715244711383,2022,Monaco Grand Prix
23,48,MEDIUM,26.0,22.5,69.0,1003.2,False,29.6,0,1.5,00:47.545,9167,130,3,0,True,0,2001.101,-3889.0,-4357.0,505.0,2022,Monaco Grand Prix
23,48,MEDIUM,26.0,22.5,69.0,1003.2,False,29.6,0,1.5,00:47.784,8819,124,3,0,True,0,2008.857,-3976.0,-4368.0,501.0,2022,Monaco Grand Prix
23,48,MEDIUM,26.0,22.5,69.0,1003.2,False,29.6,0,1.5,00:47.807,8471,118,3,0,True,0,2009.55,-3983.4907707686352,-4369.070319743523,500.6526880905411,2022,Monaco Grand Prix
23,48,MEDIUM,26.0,22.5,69.0,1003.2,False,29.6,0,1.5,00:48.024,8311,107,3,0,True,0,2015.621,-4045.0,-4380.0,498.0,2022,Monaco Grand Prix
23,48,MEDIUM,26.0,22.5,69.0,1003.2,False,29.6,0,1.5,00:48.287,8152,96,2,0,True,0,2022.35,-4110.605850191523,-4402.138224225932,496.24561067656987,2022,Monaco Grand Prix
23,48,MEDIUM,26.0,22.5,69.0,1003.2,False,29.6,0,1.5,00:48.304,7945,94,2,0,True,0,2022.783,-4114.0,-4404.0,496.0,2022,Monaco Grand Prix
23,48,MEDIUM,26.0,22.5,69.0,1003.2,False,29.6,0,1.5,00:48.364,7738,93,2,0,True,0,2024.309,-4125.0,-4411.0,495.0,2022,Monaco Grand Prix
23,48,MEDIUM,26.0,22.5,69.0,1003.2,False,29.6,0,1.5,00:48.644,7531,91,2,0,True,0,2031.278,-4166.0,-4453.0,493.0,2022,Monaco Grand Prix
23,48,MEDIUM,26.0,22.5,69.0,1003.2,False,29.6,0,1.5,00:48.647,7324,90,2,0,True,0,2031.35,-4166.405890041957,-4453.571893969403,492.98851704502357,2022,Monaco Grand Prix
23,48,MEDIUM,26.0,22.5,69.0,1003.2,False,29.6,0,1.5,00:48.887,6864,83,2,0,True,0,2036.883,-4197.908323745915,-4506.229855449984,492.08704320388404,2022,Monaco Grand Prix
23,48,MEDIUM,26.0,22.5,69.0,1003.2,False,29.6,0,1.5,00:48.904,6830,82,2,0,True,0,2037.271,-4200.0,-4510.0,492.0,2022,Monaco Grand Prix
23,48,MEDIUM,26.0,22.5,69.0,1003.2,False,29.6,0,1.5,00:49.047,6797,82,2,0,False,0,2040.527,-4216.957826741021,-4540.550105664132,491.1124938041644,2022,Monaco Grand Prix
23,48,MEDIUM,26.0,22.5,69.0,1003.2,False,29.6,0,1.5,00:49.064,6680,81,2,0,False,0,2040.91,-4219.0,-4544.0,491.0,2022,Monaco Grand Prix
23,48,MEDIUM,26.0,22.5,69.0,1003.2,False,29.6,0,1.5,00:49.245,6563,80,2,0,False,0,2044.903,-4242.0,-4578.0,490.0,2022,Monaco Grand Prix
23,48,MEDIUM,26.0,22.5,69.0,1003.2,False,29.6,0,1.5,00:49.287,6446,79,2,0,True,0,2045.794,-4247.811256332417,-4585.149221900344,489.95774550074685,2022,Monaco Grand Prix
23,48,MEDIUM,26.0,22.5,69.0,1003.2,False,29.6,0,1.5,00:49.425,6251,76,2,0,True,0,2048.614,-4268.0,-4606.0,490.0,2022,Monaco Grand Prix
23,48,MEDIUM,26.0,22.5,69.0,1003.2,False,29.6,0,1.5,00:49.487,6057,73,2,0,True,0,2049.85,-4277.344436742105,-4613.4613891701265,489.6999380268803,2022,Monaco Grand Prix
23,48,MEDIUM,26.0,22.5,69.0,1003.2,False,29.6,0,1.5,00:49.605,5952,71,2,0,True,0,2052.173,-4296.0,-4625.0,489.0,2022,Monaco Grand Prix
23,48,MEDIUM,26.0,22.5,69.0,1003.2,False,29.6,0,1.5,00:49.885,5847,70,2,0,True,0,2057.511,-4347.0,-4644.0,490.0,2022,Monaco Grand Prix
23,48,MEDIUM,26.0,22.5,69.0,1003.2,False,29.6,0,1.5,00:49.927,5743,69,2,0,False,0,2058.283,-4354.764819580535,-4645.606789649132,490.09252387689355,2022,Monaco Grand Prix
23,48,MEDIUM,26.0,22.5,69.0,1003.2,False,29.6,0,1.5,00:50.165,5738,66,2,1,False,0,2062.527,-4398.0,-4650.0,490.0,2022,Monaco Grand Prix
23,48,MEDIUM,26.0,22.5,69.0,1003.2,False,29.6,0,1.5,00:50.207,5733,64,2,2,False,0,2063.261,-4405.470958102635,-4650.567195366141,489.99729528157405,2022,Monaco Grand Prix
23,48,MEDIUM,26.0,22.5,69.0,1003.2,False,29.6,0,1.5,00:50.245,6029,63,2,14,False,0,2063.922,-4412.0,-4651.0,490.0,2022,Monaco Grand Prix
23,48,MEDIUM,26.0,22.5,69.0,1003.2,False,29.6,0,1.5,00:50.567,6325,63,2,27,False,0,2069.561,-4465.751255794978,-4647.130471038593,490.00032995148496,2022,Monaco Grand Prix
23,48,MEDIUM,26.0,22.5,69.0,1003.2,False,29.6,0,1.5,00:50.605,6399,65,2,28,False,0,2070.264,-4477.0,-4645.0,490.0,2022,Monaco Grand Prix
23,48,MEDIUM,26.0,22.5,69.0,1003.2,False,29.6,0,1.5,00:50.727,6473,68,2,30,False,0,2072.583,-4521.69207564039,-4635.688746448785,489.99995900783625,2022,Monaco Grand Prix
23,48,MEDIUM,26.0,22.5,69.0,1003.2,False,29.6,0,1.5,00:50.765,6574,70,2,36,False,0,2073.322,-4534.0,-4633.0,490.0,2022,Monaco Grand Prix
23,48,MEDIUM,26.0,22.5,69.0,1003.2,False,29.6,0,1.5,00:50.967,6675,72,2,42,False,0,2077.383,-4567.3183936802525,-4624.802421542277,489.9994630335462,2022,Monaco Grand Prix
23,48,MEDIUM,26.0,22.5,69.0,1003.2,False,29.6,0,1.5,00:51.165,6904,74,2,47,False,0,2081.562,-4588.0,-4619.0,490.0,2022,Monaco Grand Prix
23,48,MEDIUM,26.0,22.5,69.0,1003.2,False,29.6,0,1.5,00:51.167,7133,76,2,53,False,0,2081.605,-4588.3488420193535,-4618.914417529548,490.0000221656496,2022,Monaco Grand Prix
23,48,MEDIUM,26.0,22.5,69.0,1003.2,False,29.6,0,1.5,00:51.345,7428,78,2,56,False,0,2085.527,-4628.0,-4610.0,490.0,2022,Monaco Grand Prix
23,48,MEDIUM,26.0,22.5,69.0,1003.2,False,29.6,0,1.5,00:51.367,7723,80,2,60,False,0,2086.05,-4633.331569513748,-4608.968617668726,489.99876340204764,2022,Monaco Grand Prix
23,48,MEDIUM,26.0,22.5,69.0,1003.2,False,29.6,0,1.5,00:51.645,8328,89,2,64,False,0,2093.528,-4703.0,-4600.0,490.0,2022,Monaco Grand Prix
23,48,MEDIUM,26.0,22.5,69.0,1003.2,False,29.6,0,1.5,00:51.687,8934,98,2,69,False,0,2094.761,-4713.88686734794,-4599.559289043988,490.0184696000731,2022,Monaco Grand Prix
23,48,MEDIUM,26.0,22.5,69.0,1003.2,False,29.6,0,1.5,00:51.805,9494,104,2,72,False,0,2098.343,-4748.0,-4600.0,490.0,2022,Monaco Grand Prix
23,48,MEDIUM,26.0,22.5,69.0,1003.2,False,29.6,0,1.5,00:52.065,10054,110,2,76,False,0,2106.882,-4855.0,-4610.0,489.0,2022,Monaco Grand Prix
23,48,MEDIUM,26.0,22.5,69.0,1003.2,False,29.6,0,1.5,00:52.087,10614,116,2,80,False,0,2107.65,-4862.715095547045,-4610.912718956011,488.94049245197016,2022,Monaco Grand Prix
23,48,MEDIUM,26.0,22.5,69.0,1003.2,False,29.6,0,1.5,00:52.487,9630,134,2,89,False,0,2122.539,-4961.417825348397,-4626.16005813219,488.99351312713327,2022,Monaco Grand Prix
23,48,MEDIUM,26.0,22.5,69.0,1003.2,False,29.6,0,1.5,00:52.505,9840,136,2,92,False,0,2123.221,-4967.0,-4627.0,489.0,2022,Monaco Grand Prix
23,48,MEDIUM,26.0,22.5,69.0,1003.2,False,29.6,0,1.5,00:52.647,10050,138,3,95,False,0,2128.672,-5020.3244331928245,-4634.7337142206125,489.00407365885724,2022,Monaco Grand Prix
23,48,MEDIUM,26.0,22.5,69.0,1003.2,False,29.6,0,1.5,00:52.665,10027,143,3,96,False,0,2129.388,-5029.0,-4636.0,489.0,2022,Monaco Grand Prix
23,48,MEDIUM,26.0,22.5,69.0,1003.2,False,29.6,0,1.5,00:52.905,10004,148,3,98,False,0,2139.524,-5171.0,-4657.0,489.0,2022,Monaco Grand Prix
23,48,MEDIUM,26.0,22.5,69.0,1003.2,False,29.6,0,1.5,00:52.967,9982,153,3,100,False,0,2142.272,-5198.616524745652,-4660.979268812402,489.11831825547233,2022,Monaco Grand Prix
23,48,MEDIUM,26.0,22.5,69.0,1003.2,False,29.6,0,1.5,00:53.247,10751,167,4,100,False,0,2155.261,-5282.73223160026,-4672.065550298139,489.9790362378279,2022,Monaco Grand Prix
23,48,MEDIUM,26.0,22.5,69.0,1003.2,False,29.6,0,1.5,00:53.265,10923,171,4,100,False,0,2156.134,-5290.0,-4673.0,490.0,2022,Monaco Grand Prix
23,48,MEDIUM,26.0,22.5,69.0,1003.2,False,29.6,0,1.5,00:53.425,11095,175,4,100,False,0,2164.106,-5367.0,-4683.0,490.0,2022,Monaco Grand Prix
23,48,MEDIUM,26.0,22.5,69.0,1003.2,False,29.6,0,1.5,00:53.487,11267,180,4,100,False,0,2167.261,-5397.666886872936,-4687.12228495818,490.0117783944704,2022,Monaco Grand Prix
23,48,MEDIUM,26.0,22.5,69.0,1003.2,False,29.6,0,1.5,00:53.605,11093,184,4,100,False,0,2173.342,-5456.0,-4695.0,490.0,2022,Monaco Grand Prix
23,48,MEDIUM,26.0,22.5,69.0,1003.2,False,29.6,0,1.5,00:53.727,10919,188,4,100,False,0,2179.794,-5518.613289326371,-4703.012542897342,489.7271651952243,2022,Monaco Grand Prix
23,48,MEDIUM,26.0,22.5,69.0,1003.2,False,29.6,0,1.5,00:53.965,10877,195,4,100,False,0,2193.027,-5646.0,-4718.0,489.0,2022,Monaco Grand Prix
23,48,MEDIUM,26.0,22.5,69.0,1003.2,False,29.6,0,1.5,00:54.087,10836,202,5,100,False,0,2199.994,-5712.570344378153,-4725.190072811674,488.99203853184366,2022,Monaco Grand Prix
23,48,MEDIUM,26.0,22.5,69.0,1003.2,False,29.6,0,1.5,00:54.165,11037,205,5,100,False,0,2204.481,-5756.0,-4730.0,489.0,2022,Monaco Grand Prix
23,48,MEDIUM,26.0,22.5,69.0,1003.2,False,29.6,0,1.5,00:54.287,11238,208,5,100,False,0,2211.55,-5825.763410296154,-4738.226635482895,488.9190894557912,2022,Monaco Grand Prix
23,48,MEDIUM,26.0,22.5,69.0,1003.2,False,29.6,0,1.5,00:54.344,11446,210,5,100,False,0,2214.875,-5859.0,-4742.0,489.0,2022,Monaco Grand Prix
23,48,MEDIUM,26.0,22.5,69.0,1003.2,False,29.6,0,1.5,00:54.527,11654,212,5,100,False,0,2225.683,-5967.340943818708,-4752.888071995809,489.9572796479742,2022,Monaco Grand Prix
23,48,MEDIUM,26.0,22.5,69.0,1003.2,False,29.6,0,1.5,00:54.584,11929,214,5,60,False,0,2229.108,-6000.0,-4756.0,490.0,2022,Monaco Grand Prix
23,48,MEDIUM,26.0,22.5,69.0,1003.2,False,29.6,0,1.5,00:54.767,12205,217,5,21,True,0,2240.15,-6107.342363253724,-4765.90882474111,489.02033677408036,2022,Monaco Grand Prix
23,48,MEDIUM,26.0,22.5,69.0,1003.2,False,29.6,0,1.5,00:54.784,11748,213,5,10,True,0,2241.159,-6120.0,-4767.0,489.0,2022,Monaco Grand Prix
23,48,MEDIUM,26.0,22.5,69.0,1003.2,False,29.6,0,1.5,00:54.927,11292,210,5,0,True,0,2249.483,-6247.885194939675,-4777.510326544415,489.6959650063276,2022,Monaco Grand Prix
23,48,MEDIUM,26.0,22.5,69.0,1003.2,False,29.6,0,1.5,00:54.984,11131,204,5,0,True,0,2252.698,-6293.0,-4781.0,490.0,2022,Monaco Grand Prix
23,48,MEDIUM,26.0,22.5,69.0,1003.2,False,29.6,0,1.5,00:55.127,10971,198,5,0,True,0,2260.483,-6366.023317445243,-4785.899688280205,490.2051881817752,2022,Monaco Grand Prix
23,48,MEDIUM,26.0,22.5,69.0,1003.2,False,29.6,0,1.5,00:55.287,10131,185,5,0,True,0,2268.705,-6408.538067537498,-4787.739867062547,489.95957659005603,2022,Monaco Grand Prix
23,48,MEDIUM,26.0,22.5,69.0,1003.2,False,29.6,0,1.5,00:55.344,10176,178,5,0,True,0,2271.51,-6429.0,-4789.0,490.0,2022,Monaco Grand Prix
23,48,MEDIUM,26.0,22.5,69.0,1003.2,False,29.6,0,1.5,00:55.527,10221,171,5,0,True,0,2280.105,-6516.42581436488,-4795.5260117569715,490.62494123769017,2022,Monaco Grand Prix
23,48,MEDIUM,26.0,22.5,69.0,1003.2,False,29.6,0,1.5,00:55.664,9933,166,5,0,True,0,2286.18,-6583.0,-4803.0,491.0,2022,Monaco Grand Prix
23,48,MEDIUM,26.0,22.5,69.0,1003.2,False,29.6,0,1.5,00:55.785,9646,161,5,0,True,0,2291.348,-6632.0,-4812.0,491.0,2022,Monaco Grand Prix
23,48,MEDIUM,26.0,22.5,69.0,1003.2,False,29.6,0,1.5,00:55.887,9359,156,4,0,True,0,2295.705,-6670.924418155361,-4823.619254063434,491.06787621128564,2022,Monaco Grand Prix
23,48,MEDIUM,26.0,22.5,69.0,1003.2,False,29.6,0,1.5,00:56.025,9314,155,4,0,True,0,2301.613,-6721.0,-4845.0,491.0,2022,Monaco Grand Prix
23,48,MEDIUM,26.0,22.5,69.0,1003.2,False,29.6,0,1.5,00:56.047,9270,154,4,0,True,0,2302.55,-6728.657432643845,-4848.900487571658,490.92640867011335,2022,Monaco Grand Prix
23,48,MEDIUM,26.0,22.5,69.0,1003.2,False,29.6,0,1.5,00:56.205,9221,152,4,2,True,0,2309.206,-6783.0,-4883.0,490.0,2022,Monaco Grand Prix
23,48,MEDIUM,26.0,22.5,69.0,1003.2,False,29.6,0,1.5,00:56.287,9173,151,4,5,False,0,2312.616,-6813.621816368641,-4907.98812414626,489.41557622144614,2022,Monaco Grand Prix
23,48,MEDIUM,26.0,22.5,69.0,1003.2,False,29.6,0,1.5,00:56.485,8932,149,4,18,False,0,2320.732,-6888.0,-4981.0,488.0,2022,Monaco Grand Prix
23,48,MEDIUM,26.0,22.5,69.0,1003.2,False,29.6,0,1.5,00:56.567,8692,147,4,32,False,0,2324.05,-6913.468525101034,-5009.866125489592,487.5410100955094,2022,Monaco Grand Prix
23,48,MEDIUM,26.0,22.5,69.0,1003.2,False,29.6,0,1.5,00:56.727,8972,145,4,32,False,0,2330.494,-6953.344479780734,-5062.648991975989,486.8705349527347,2022,Monaco Grand Prix
23,48,MEDIUM,26.0,22.5,69.0,1003.2,False,29.6,0,1.5,00:56.905,9403,148,4,51,False,0,2337.858,-6988.0,-5113.0,486.0,2022,Monaco Grand Prix
23,48,MEDIUM,26.0,22.5,69.0,1003.2,False,29.6,0,1.5,00:57.127,9835,151,4,70,False,0,2347.272,-7023.073529219225,-5167.332276937834,484.47736069263215,2022,Monaco Grand Prix
23,48,MEDIUM,26.0,22.5,69.0,1003.2,False,29.6,0,1.5,00:57.205,9841,153,4,72,False,0,2350.603,-7040.0,-5200.0,484.0,2022,Monaco Grand Prix
23,48,MEDIUM,26.0,22.5,69.0,1003.2,False,29.6,0,1.5,00:57.287,9847,155,4,74,False,0,2354.161,-7062.493237813731,-5246.9153107896145,483.58466467436295,2022,Monaco Grand Prix
23,48,MEDIUM,26.0,22.5,69.0,1003.2,False,29.6,0,1.5,00:57.505,10085,159,4,80,False,0,2364.122,-7125.0,-5393.0,483.0,2022,Monaco Grand Prix
23,48,MEDIUM,26.0,22.5,69.0,1003.2,False,29.6,0,1.5,00:57.625,10323,163,4,86,False,0,2369.837,-7141.0,-5446.0,483.0,2022,Monaco Grand Prix
23,48,MEDIUM,26.0,22.5,69.0,1003.2,False,29.6,0,1.5,00:57.687,10561,168,4,93,False,0,2372.827,-7148.324686254104,-5472.686129303792,482.8704991563402,2022,Monaco Grand Prix
23,48,MEDIUM,26.0,22.5,69.0,1003.2,False,29.6,0,1.5,00:57.905,11140,172,4,96,False,0,2383.534,-7174.0,-5579.0,482.0,2022,Monaco Grand Prix
23,48,MEDIUM,26.0,22.5,69.0,1003.2,False,29.6,0,1.5,00:57.927,11719,177,4,100,False,0,2384.627,-7176.469882516808,-5591.782200131066,481.9596511508356,2022,Monaco Grand Prix
23,48,MEDIUM,26.0,22.5,69.0,1003.2,False,29.6,0,1.5,00:58.145,11108,180,4,100,False,0,2395.611,-7198.0,-5725.0,482.0,2022,Monaco Grand Prix
23,48,MEDIUM,26.0,22.5,69.0,1003.2,False,29.6,0,1.5,00:58.207,10497,183,4,100,False,0,2398.861,-7202.114434936947,-5754.268993584545,482.01978968410214,2022,Monaco Grand Prix
23,48,MEDIUM,26.0,22.5,69.0,1003.2,False,29.6,0,1.5,00:58.487,10887,198,5,100,False,0,2414.261,-7212.322930648222,-5856.264351988188,482.0008331160494,2022,Monaco Grand Prix
23,48,MEDIUM,26.0,22.5,69.0,1003.2,False,29.6,0,1.5,00:58.505,10882,199,5,91,False,0,2415.259,-7213.0,-5865.0,482.0,2022,Monaco Grand Prix
23,48,MEDIUM,26.0,22.5,69.0,1003.2,False,29.6,0,1.5,00:58.647,10877,200,5,83,False,0,2423.15,-7218.5051007171005,-5944.821840115047,482.0002951953206,2022,Monaco Grand Prix
23,48,MEDIUM,26.0,22.5,69.0,1003.2,False,29.6,0,1.5,00:58.665,10568,202,5,80,False,0,2424.164,-7219.0,-5955.0,482.0,2022,Monaco Grand Prix
23,48,MEDIUM,26.0,22.5,69.0,1003.2,False,29.6,0,1.5,00:58.865,10260,204,5,77,False,0,2435.669,-7220.0,-6063.0,482.0,2022,Monaco Grand Prix
23,48,MEDIUM,26.0,22.5,69.0,1003.2,False,29.6,0,1.5,00:58.967,9952,207,5,74,False,0,2441.55,-7217.909208058438,-6122.443052838888,482.0351931550115,2022,Monaco Grand Prix
23,48,MEDIUM,26.0,22.5,69.0,1003.2,False,29.6,0,1.5,00:59.065,9910,206,5,74,False,0,2447.155,-7213.0,-6180.0,482.0,2022,Monaco Grand Prix
23,48,MEDIUM,26.0,22.5,69.0,1003.2,False,29.6,0,1.5,00:59.127,9869,206,6,74,False,0,2450.705,-7207.770858895199,-6214.829604866595,481.8955285929828,2022,Monaco Grand Prix
23,48,MEDIUM,26.0,22.5,69.0,1003.2,False,29.6,0,1.5,00:59.365,9870,207,6,66,False,0,2464.456,-7169.0,-6334.0,481.0,2022,Monaco Grand Prix
23,48,MEDIUM,26.0,22.5,69.0,1003.2,False,29.6,0,1.5,00:59.367,9871,208,6,59,False,0,2464.572,-7168.50850796632,-6334.867033600843,480.9902897849089,2022,Monaco Grand Prix
23,48,MEDIUM,26.0,22.5,69.0,1003.2,False,29.6,0,1.5,00:59.607,9912,207,6,56,False,0,2478.372,-7088.962889767445,-6431.579020740332,479.9493299157825,2022,Monaco Grand Prix
23,48,MEDIUM,26.0,22.5,69.0,1003.2,False,29.6,0,1.5,00:59.645,9885,206,6,58,False,0,2480.547,-7073.0,-6451.0,480.0,2022,Monaco Grand Prix
23,48,MEDIUM,26.0,22.5,69.0,1003.2,False,29.6,0,1.5,00:59.825,9859,206,6,60,False,0,2490.81,-6992.0,-6565.0,481.0,2022,Monaco Grand Prix
23,48,MEDIUM,26.0,22.5,69.0,1003.2,False,29.6,0,1.5,01:00.047,9833,206,6,62,False,0,2503.55,-6927.673387932842,-6724.9407069863755,480.8012428985252,2022,Monaco Grand Prix
23,48,MEDIUM,26.0,22.5,69.0,1003.2,False,29.6,0,1.5,01:00.225,9959,208,6,61,False,0,2513.93,-6899.0,-6830.0,480.0,2022,Monaco Grand Prix
23,48,MEDIUM,26.0,22.5,69.0,1003.2,False,29.6,0,1.5,01:00.247,10086,210,6,60,False,0,2515.216,-6896.269727685631,-6839.779996717288,479.9081768840976,2022,Monaco Grand Prix
23,48,MEDIUM,26.0,22.5,69.0,1003.2,False,29.6,0,1.5,01:00.525,10374,210,6,62,False,0,2531.51,-6870.0,-6932.0,479.0,2022,Monaco Grand Prix
23,48,MEDIUM,26.0,22.5,69.0,1003.2,False,29.6,0,1.5,01:00.527,10663,211,6,65,False,0,2531.627,-6869.773263840858,-6932.832921465283,478.9966537186623,2022,Monaco Grand Prix
23,48,MEDIUM,26.0,22.5,69.0,1003.2,False,29.6,0,1.5,01:00.727,9683,211,6,37,True,0,2543.35,-6841.7782982002,-7039.116545986279,478.9315505367969,2022,Monaco Grand Prix
23,48,MEDIUM,26.0,22.5,69.0,1003.2,False,29.6,0,1.5,01:00.885,9354,204,6,18,True,0,2552.179,-6820.0,-7133.0,479.0,2022,Monaco Grand Prix
23,48,MEDIUM,26.0,22.5,69.0,1003.2,False,29.6,0,1.5,01:01.007,9026,197,6,0,True,0,2558.672,-6807.14645097448,-7200.354242750142,479.0013891206484,2022,Monaco Grand Prix
23,48,MEDIUM,26.0,22.5,69.0,1003.2,False,29.6,0,1.5,01:01.064,9322,190,6,0,True,0,2561.604,-6802.0,-7229.0,479.0,2022,Monaco Grand Prix
23,48,MEDIUM,26.0,22.5,69.0,1003.2,False,29.6,0,1.5,01:01.264,9619,183,6,0,True,0,2571.422,-6786.0,-7324.0,479.0,2022,Monaco Grand Prix
23,48,MEDIUM,26.0,22.5,69.0,1003.2,False,29.6,0,1.5,01:01.327,9916,177,5,0,True,0,2574.405,-6780.325366849629,-7365.059078104675,478.9753009594931,2022,Monaco Grand Prix
23,48,MEDIUM,26.0,22.5,69.0,1003.2,False,29.6,0,1.5,01:01.524,9654,170,5,0,True,0,2583.386,-6763.0,-7505.0,479.0,2022,Monaco Grand Prix
23,48,MEDIUM,26.0,22.5,69.0,1003.2,False,29.6,0,1.5,01:01.527,9392,164,5,0,True,0,2583.516,-6762.8125513235345,-7506.571438365468,479.00558569366706,2022,Monaco Grand Prix
23,48,MEDIUM,26.0,22.5,69.0,1003.2,False,29.6,0,1.5,01:01.884,9562,154,5,0,True,0,2597.871,-6754.0,-7598.0,480.0,2022,Monaco Grand Prix
23,48,MEDIUM,26.0,22.5,69.0,1003.2,False,29.6,0,1.5,01:01.927,9732,144,4,0,True,0,2599.516,-6753.05898329888,-7611.6007868116285,479.8939026417621,2022,Monaco Grand Prix
23,48,MEDIUM,26.0,22.5,69.0,1003.2,False,29.6,0,1.5,01:02.124,9363,139,4,0,True,0,2606.942,-6748.0,-7689.0,479.0,2022,Monaco Grand Prix
23,48,MEDIUM,26.0,22.5,69.0,1003.2,False,29.6,0,1.5,01:02.287,8995,134,3,0,True,0,2612.916,-6745.19203062446,-7748.464354904176,478.979142315524,2022,Monaco Grand Prix
23,48,MEDIUM,26.0,22.5,69.0,1003.2,False,29.6,0,1.5,01:02.325,8840,130,3,0,True,0,2614.284,-6745.0,-7762.0,479.0,2022,Monaco Grand Prix
23,48,MEDIUM,26.0,22.5,69.0,1003.2,False,29.6,0,1.5,01:02.567,8686,127,3,0,True,0,2622.794,-6749.247040399719,-7847.023376058433,479.0012316692707,2022,Monaco Grand Prix
23,48,MEDIUM,26.0,22.5,69.0,1003.2,False,29.6,0,1.5,01:02.585,8619,125,3,0,True,0,2623.418,-6750.0,-7853.0,479.0,2022,Monaco Grand Prix
23,48,MEDIUM,26.0,22.5,69.0,1003.2,False,29.6,0,1.5,01:02.745,8552,124,3,0,True,0,2628.89,-6760.0,-7903.0,479.0,2022,Monaco Grand Prix
23,48,MEDIUM,26.0,22.5,69.0,1003.2,False,29.6,0,1.5,01:02.767,8485,123,3,0,True,0,2629.627,-6762.003230729503,-7909.3606001257285,479.0000673725008,2022,Monaco Grand Prix
23,48,MEDIUM,26.0,22.5,69.0,1003.2,False,29.6,0,1.5,01:02.805,8425,120,3,2,True,0,2630.89,-6766.0,-7920.0,479.0,2022,Monaco Grand Prix
23,48,MEDIUM,26.0,22.5,69.0,1003.2,False,29.6,0,1.5,01:03.047,8365,117,3,5,False,0,2638.727,-6812.605646804162,-7976.897950551064,478.9992527363643,2022,Monaco Grand Prix
23,48,MEDIUM,26.0,22.5,69.0,1003.2,False,29.6,0,1.5,01:03.165,8277,117,3,4,False,0,2642.549,-6841.0,-8005.0,479.0,2022,Monaco Grand Prix
23,48,MEDIUM,26.0,22.5,69.0,1003.2,False,29.6,0,1.5,01:03.325,8189,117,3,4,False,0,2647.754,-6877.0,-8048.0,479.0,2022,Monaco Grand Prix
23,48,MEDIUM,26.0,22.5,69.0,1003.2,False,29.6,0,1.5,01:03.408,8101,117,3,4,False,0,2650.46,-6887.490475139848,-8071.7188304808315,478.9928948377576,2022,Monaco Grand Prix
23,48,MEDIUM,26.0,22.5,69.0,1003.2,False,29.6,0,1.5,01:03.505,8106,117,3,4,False,0,2653.626,-6894.0,-8100.0,479.0,2022,Monaco Grand Prix
23,48,MEDIUM,26.0,22.5,69.0,1003.2,False,29.6,0,1.5,01:03.567,8111,117,3,4,False,0,2655.627,-6896.721982429133,-8118.072655851914,479.02811251249733,2022,Monaco Grand Prix
23,48,MEDIUM,26.0,22.5,69.0,1003.2,False,29.6,0,1.5,01:03.785,8007,115,3,3,False,0,2662.471,-6897.0,-8192.0,479.0,2022,Monaco Grand Prix
23,48,MEDIUM,26.0,22.5,69.0,1003.2,False,29.6,0,1.5,01:03.807,7904,113,3,3,False,0,2663.161,-6896.155879491737,-8201.937682374293,478.9447348012781,2022,Monaco Grand Prix
23,48,MEDIUM,26.0,22.5,69.0,1003.2,False,29.6,0,1.5,01:03.967,7833,113,3,5,False,0,2668.183,-6886.194151131499,-8283.74916674673,478.26175050876486,2022,Monaco Grand Prix
23,48,MEDIUM,26.0,22.5,69.0,1003.2,False,29.6,0,1.5,01:04.025,7947,111,3,6,False,0,2669.971,-6883.0,-8306.0,478.0,2022,Monaco Grand Prix
23,48,MEDIUM,26.0,22.5,69.0,1003.2,False,29.6,0,1.5,01:04.127,8061,110,3,7,False,0,2673.072,-6879.166269092664,-8328.647546210408,477.5860743252066,2022,Monaco Grand Prix
23,48,MEDIUM,26.0,22.5,69.0,1003.2,False,29.6,0,1.5,01:04.285,8154,109,3,22,False,0,2677.84,-6874.0,-8348.0,477.0,2022,Monaco Grand Prix
23,48,MEDIUM,26.0,22.5,69.0,1003.2,False,29.6,0,1.5,01:04.327,8247,109,3,37,False,0,2679.127,-6871.742899413754,-8357.147389023794,476.8381914679984,2022,Monaco Grand Prix
23,48,MEDIUM,26.0,22.5,69.0,1003.2,False,29.6,0,1.5,01:04.487,8408,113,3,57,False,0,2684.15,-6859.770381417424,-8407.038899227788,476.221924037242,2022,Monaco Grand Prix
23,48,MEDIUM,26.0,22.5,69.0,1003.2,False,29.6,0,1.5,01:04.585,8667,115,3,63,False,0,2687.288,-6851.0,-8440.0,476.0,2022,Monaco Grand Prix
23,48,MEDIUM,26.0,22.5,69.0,1003.2,False,29.6,0,1.5,01:04.767,8926,118,3,70,False,0,2693.327,-6832.829493039232,-8497.972333471876,476.00277906239444,2022,Monaco Grand Prix
23,48,MEDIUM,26.0,22.5,69.0,1003.2,False,29.6,0,1.5,01:04.845,9158,122,3,74,False,0,2696.062,-6824.0,-8523.0,476.0,2022,Monaco Grand Prix
23,48,MEDIUM,26.0,22.5,69.0,1003.2,False,29.6,0,1.5,01:05.025,9391,126,3,78,False,0,2702.661,-6801.0,-8583.0,476.0,2022,Monaco Grand Prix
23,48,MEDIUM,26.0,22.5,69.0,1003.2,False,29.6,0,1.5,01:05.087,9624,131,3,82,False,0,2704.972,-6792.429229022326,-8604.136965798269,476.2982489434191,2022,Monaco Grand Prix
23,48,MEDIUM,26.0,22.5,69.0,1003.2,False,29.6,0,1.5,01:05.185,9980,134,3,84,False,0,2708.652,-6778.0,-8638.0,477.0,2022,Monaco Grand Prix
23,48,MEDIUM,26.0,22.5,69.0,1003.2,False,29.6,0,1.5,01:05.385,10336,137,3,87,False,0,2716.401,-6744.0,-8709.0,478.0,2022,Monaco Grand Prix
23,48,MEDIUM,26.0,22.5,69.0,1003.2,False,29.6,0,1.5,01:05.447,10692,140,3,90,False,0,2718.972,-6732.45291320737,-8731.482932446579,477.79046140940477,2022,Monaco Grand Prix
23,48,MEDIUM,26.0,22.5,69.0,1003.2,False,29.6,0,1.5,01:05.585,10619,151,3,95,False,0,2725.018,-6705.0,-8782.0,477.0,2022,Monaco Grand Prix
23,48,MEDIUM,26.0,22.5,69.0,1003.2,False,29.6,0,1.5,01:05.807,10546,162,3,100,False,0,2735.172,-6654.132473309299,-8864.142517357628,477.93266072949405,2022,Monaco Grand Prix
23,48,MEDIUM,26.0,22.5,69.0,1003.2,False,29.6,0,1.5,01:05.845,10585,162,3,100,False,0,2736.875,-6644.0,-8879.0,478.0,2022,Monaco Grand Prix
23,48,MEDIUM,26.0,22.5,69.0,1003.2,False,29.6,0,1.5,01:05.967,10625,162,4,100,False,0,2742.372,-6608.083948124212,-8928.945849846128,477.66189116211365,2022,Monaco Grand Prix
23,48,MEDIUM,26.0,22.5,69.0,1003.2,False,29.6,0,1.5,01:06.125,10853,168,4,100,False,0,2749.986,-6552.0,-8998.0,477.0,2022,Monaco Grand Prix
23,48,MEDIUM,26.0,22.5,69.0,1003.2,False,29.6,0,1.5,01:06.207,11082,175,4,100,False,0,2754.039,-6517.591908177119,-9035.385872946872,477.12525570298413,2022,Monaco Grand Prix
23,48,MEDIUM,26.0,22.5,69.0,1003.2,False,29.6,0,1.5,01:06.447,11082,177,4,100,True,0,2765.839,-6406.1286203597465,-9143.292838754738,478.7738131594597,2022,Monaco Grand Prix
23,48,MEDIUM,26.0,22.5,69.0,1003.2,False,29.6,0,1.5,01:06.545,10942,172,4,100,True,0,2770.459,-6373.0,-9174.0,479.0,2022,Monaco Grand Prix
23,48,MEDIUM,26.0,22.5,69.0,1003.2,False,29.6,0,1.5,01:06.687,10802,167,4,100,True,0,2776.972,-6343.29588295672,-9200.600737165632,478.5421445197803,2022,Monaco Grand Prix
23,48,MEDIUM,26.0,22.5,69.0,1003.2,False,29.6,0,1.5,01:06.887,9758,161,4,0,True,0,2785.916,-6304.220349572495,-9229.865490658183,477.798970152263,2022,Monaco Grand Prix
23,48,MEDIUM,26.0,22.5,69.0,1003.2,False,29.6,0,1.5,01:06.925,9758,155,4,0,True,0,2787.553,-6289.0,-9241.0,478.0,2022,Monaco Grand Prix
23,48,MEDIUM,26.0,22.5,69.0,1003.2,False,29.6,0,1.5,01:07.087,9758,150,4,0,True,0,2794.25,-6204.575624354572,-9302.5068996465,479.8258748722443,2022,Monaco Grand Prix
23,48,MEDIUM,26.0,22.5,69.0,1003.2,False,29.6,0,1.5,01:07.105,9346,141,4,0,True,0,2794.962,-6197.0,-9308.0,480.0,2022,Monaco Grand Prix
23,48,MEDIUM,26.0,22.5,69.0,1003.2,False,29.6,0,1.5,01:07.367,8935,132,3,0,True,0,2804.516,-6149.260720876446,-9341.863895896833,480.90857440158663,2022,Monaco Grand Prix
23,48,MEDIUM,26.0,22.5,69.0,1003.2,False,29.6,0,1.5,01:07.405,8892,123,3,0,True,0,2805.75,-6142.0,-9347.0,481.0,2022,Monaco Grand Prix
23,48,MEDIUM,26.0,22.5,69.0,1003.2,False,29.6,0,1.5,01:07.644,8850,114,3,0,True,0,2812.704,-6074.0,-9396.0,482.0,2022,Monaco Grand Prix
23,48,MEDIUM,26.0,22.5,69.0,1003.2,False,29.6,0,1.5,01:07.727,8808,105,3,0,True,0,2815.016,-6053.038461584819,-9411.651964211818,482.52895696059807,2022,Monaco Grand Prix
23,48,MEDIUM,26.0,22.5,69.0,1003.2,False,29.6,0,1.5,01:07.984,8499,103,3,0,True,0,2822.191,-6002.0,-9452.0,484.0,2022,Monaco Grand Prix
23,48,MEDIUM,26.0,22.5,69.0,1003.2,False,29.6,0,1.5,01:08.047,8191,101,2,0,True,0,2823.994,-5990.016648090517,-9461.853707054961,484.0116529146842,2022,Monaco Grand Prix
23,48,MEDIUM,26.0,22.5,69.0,1003.2,False,29.6,0,1.5,01:08.124,8191,101,2,0,True,0,2826.233,-5975.0,-9476.0,484.0,2022,Monaco Grand Prix
23,48,MEDIUM,26.0,22.5,69.0,1003.2,False,29.6,0,1.5,01:08.364,8191,101,2,0,True,0,2833.054,-5929.0,-9539.0,485.0,2022,Monaco Grand Prix
23,48,MEDIUM,26.0,22.5,69.0,1003.2,False,29.6,0,1.5,01:08.407,8191,101,2,0,True,0,2834.094,-5924.4290947572945,-9546.98484295914,485.16360421091696,2022,Monaco Grand Prix
23,48,MEDIUM,26.0,22.5,69.0,1003.2,False,29.6,0,1.5,01:08.607,5930,74,2,0,True,0,2838.205,-5921.62561361578,-9564.687092880646,485.6513754116054,2022,Monaco Grand Prix
23,48,MEDIUM,26.0,22.5,69.0,1003.2,False,29.6,0,1.5,01:08.724,5846,71,2,0,True,0,2840.442,-5927.0,-9576.0,486.0,2022,Monaco Grand Prix
23,48,MEDIUM,26.0,22.5,69.0,1003.2,False,29.6,0,1.5,01:08.807,5762,68,2,0,True,0,2841.983,-5932.44657762701,-9587.815818239187,486.33349924806305,2022,Monaco Grand Prix
23,48,MEDIUM,26.0,22.5,69.0,1003.2,False,29.6,0,1.5,01:09.005,5583,66,2,0,True,0,2845.468,-5953.0,-9620.0,487.0,2022,Monaco Grand Prix
23,48,MEDIUM,26.0,22.5,69.0,1003.2,False,29.6,0,1.5,01:09.065,5405,64,2,0,True,0,2846.481,-5962.0,-9627.0,487.0,2022,Monaco Grand Prix
23,48,MEDIUM,26.0,22.5,69.0,1003.2,False,29.6,0,1.5,01:09.207,5227,62,2,0,True,0,2848.872,-5980.880549964608,-9640.37718049101,487.2553246411793,2022,Monaco Grand Prix
23,48,MEDIUM,26.0,22.5,69.0,1003.2,False,29.6,0,1.5,01:09.405,5157,61,2,0,True,0,2852.173,-6013.0,-9661.0,489.0,2022,Monaco Grand Prix
23,48,MEDIUM,26.0,22.5,69.0,1003.2,False,29.6,0,1.5,01:09.407,5087,60,2,0,True,0,2852.205,-6013.458174668398,-9661.287918918422,489.0308669678824,2022,Monaco Grand Prix
23,48,MEDIUM,26.0,22.5,69.0,1003.2,False,29.6,0,1.5,01:09.565,4952,59,2,0,True,0,2854.751,-6055.0,-9687.0,492.0,2022,Monaco Grand Prix
23,48,MEDIUM,26.0,22.5,69.0,1003.2,False,29.6,0,1.5,01:09.567,4818,58,2,0,False,0,2854.783,-6055.509026977243,-9687.306755152069,492.0362483373378,2022,Monaco Grand Prix
23,48,MEDIUM,26.0,22.5,69.0,1003.2,False,29.6,0,1.5,01:09.847,4634,57,2,0,False,0,2859.216,-6112.730394783755,-9719.045935024724,495.83812997633754,2022,Monaco Grand Prix
23,48,MEDIUM,26.0,22.5,69.0,1003.2,False,29.6,0,1.5,01:10.665,5139,61,2,13,False,0,2874.195,-6202.0,-9736.0,500.0,2022,Monaco Grand Prix
23,48,MEDIUM,26.0,22.5,69.0,1003.2,False,29.6,0,1.5,01:10.687,5645,66,2,27,False,0,2874.616,-6205.592842758655,-9736.662710342898,500.22629543428286,2022,Monaco Grand Prix
23,48,MEDIUM,26.0,22.5,69.0,1003.2,False,29.6,0,1.5,01:10.845,5972,68,2,36,False,0,2877.665,-6234.0,-9742.0,502.0,2022,Monaco Grand Prix
23,48,MEDIUM,26.0,22.5,69.0,1003.2,False,29.6,0,1.5,01:10.887,6299,70,2,45,False,0,2878.505,-6242.299797026552,-9743.44270862283,502.4554288914841,2022,Monaco Grand Prix
23,48,MEDIUM,26.0,22.5,69.0,1003.2,False,29.6,0,1.5,01:11.087,6844,76,2,55,False,0,2882.727,-6284.926788451812,-9750.16631726611,504.45669014356463,2022,Monaco Grand Prix
23,48,MEDIUM,26.0,22.5,69.0,1003.2,False,29.6,0,1.5,01:11.145,7146,78,2,58,False,0,2884.005,-6297.0,-9752.0,505.0,2022,Monaco Grand Prix
23,48,MEDIUM,26.0,22.5,69.0,1003.2,False,29.6,0,1.5,01:11.345,7449,80,2,61,False,0,2888.639,-6340.0,-9758.0,507.0,2022,Monaco Grand Prix
23,48,MEDIUM,26.0,22.5,69.0,1003.2,False,29.6,0,1.5,01:11.367,7752,83,2,64,False,0,2889.183,-6345.990961278736,-9758.677583012404,507.2986968412239,2022,Monaco Grand Prix
23,48,MEDIUM,26.0,22.5,69.0,1003.2,False,29.6,0,1.5,01:11.585,8252,89,2,67,False,0,2894.922,-6417.0,-9765.0,511.0,2022,Monaco Grand Prix
23,48,MEDIUM,26.0,22.5,69.0,1003.2,False,29.6,0,1.5,01:11.607,8752,95,2,70,False,0,2895.516,-6424.03904828079,-9765.443707436727,511.37322959148923,2022,Monaco Grand Prix
23,48,MEDIUM,26.0,22.5,69.0,1003.2,False,29.6,0,1.5,01:11.767,9379,99,2,72,False,8,2899.916,-6472.095321964589,-9767.309281696873,513.9454261069442,2022,Monaco Grand Prix
23,48,MEDIUM,26.0,22.5,69.0,1003.2,False,29.6,0,1.5,01:11.967,9032,107,2,0,True,8,2905.861,-6525.4997624642165,-9766.506032568639,516.6017871756063,2022,Monaco Grand Prix
23,48,MEDIUM,26.0,22.5,69.0,1003.2,False,29.6,0,1.5,01:12.005,8778,105,2,0,True,8,2906.977,-6535.0,-9766.0,517.0,2022,Monaco Grand Prix
23,48,MEDIUM,26.0,22.5,69.0,1003.2,False,29.6,0,1.5,01:12.167,8524,103,2,0,True,8,2911.583,-6573.260983921508,-9762.560940379819,518.3154494783765,2022,Monaco Grand Prix
23,48,MEDIUM,26.0,22.5,69.0,1003.2,False,29.6,0,1.5,01:12.285,8324,99,2,0,True,8,2914.746,-6601.0,-9758.0,519.0,2022,Monaco Grand Prix
23,48,MEDIUM,26.0,22.5,69.0,1003.2,False,29.6,0,1.5,01:12.565,8125,95,2,0,True,8,2921.717,-6669.0,-9738.0,520.0,2022,Monaco Grand Prix
23,48,MEDIUM,26.0,22.5,69.0,1003.2,False,29.6,0,1.5,01:12.647,7926,91,2,0,True,8,2923.716,-6686.572055940335,-9729.440969928055,520.1192610495974,2022,Monaco Grand Prix
23,48,MEDIUM,26.0,22.5,69.0,1003.2,False,29.6,0,1.5,01:12.725,7426,88,2,0,True,8,2925.61,-6702.0,-9720.0,520.0,2022,Monaco Grand Prix
23,48,MEDIUM,26.0,22.5,69.0,1003.2,False,29.6,0,1.5,01:12.967,6926,86,2,0,True,8,2931.361,-6742.220363484651,-9682.060512869495,517.4136796261517,2022,Monaco Grand Prix
23,48,MEDIUM,26.0,22.5,69.0,1003.2,False,29.6,0,1.5,01:13.085,6860,84,2,0,True,8,2934.022,-6757.0,-9660.0,516.0,2022,Monaco Grand Prix
23,48,MEDIUM,26.0,22.5,69.0,1003.2,False,29.6,0,1.5,01:13.185,6795,82,2,0,True,8,2936.216,-6767.0,-9640.0,515.0,2022,Monaco Grand Prix
23,48,MEDIUM,26.0,22.5,69.0,1003.2,False,29.6,0,1.5,01:13.207,6730,80,2,0,False,8,2936.694,-6769.009708777911,-9635.536067735327,514.7499958281956,2022,Monaco Grand Prix
23,48,MEDIUM,26.0,22.5,69.0,1003.2,False,29.6,0,1.5,01:13.425,6644,78,2,0,False,8,2941.357,-6786.0,-9590.0,512.0,2022,Monaco Grand Prix
23,48,MEDIUM,26.0,22.5,69.0,1003.2,False,29.6,0,1.5,01:13.447,6559,77,2,0,False,8,2941.827,-6787.43500298355,-9585.149027192823,511.8202568681438,2022,Monaco Grand Prix
23,48,MEDIUM,26.0,22.5,69.0,1003.2,False,29.6,0,1.5,01:13.705,6890,78,2,12,False,8,2947.403,-6801.0,-9527.0,511.0,2022,Monaco Grand Prix
23,48,MEDIUM,26.0,22.5,69.0,1003.2,False,29.6,0,1.5,01:13.887,7222,79,2,25,False,8,2951.483,-6808.407101314474,-9490.743346292116,510.24700779582395,2022,Monaco Grand Prix
23,48,MEDIUM,26.0,22.5,69.0,1003.2,False,29.6,0,1.5,01:13.925,7489,81,2,35,False,8,2952.357,-6810.0,-9483.0,510.0,2022,Monaco Grand Prix
23,48,MEDIUM,26.0,22.5,69.0,1003.2,False,29.6,0,1.5,01:14.284,7756,84,2,46,False,8,2961.02,-6828.0,-9402.0,507.0,2022,Monaco Grand Prix
23,48,MEDIUM,26.0,22.5,69.0,1003.2,False,29.6,0,1.5,01:14.327,8024,87,2,57,False,8,2962.116,-6830.559986693686,-9391.866790879823,506.90784364829074,2022,Monaco Grand Prix
23,48,MEDIUM,26.0,22.5,69.0,1003.2,False,29.6,0,1.5,01:14.487,8443,95,2,74,False,8,2966.339,-6841.55494302585,-9352.798692459983,507.08758232951334,2022,Monaco Grand Prix
23,48,MEDIUM,26.0,22.5,69.0,1003.2,False,29.6,0,1.5,01:14.544,8961,99,2,74,False,8,2967.929,-6847.0,-9337.0,507.0,2022,Monaco Grand Prix
23,48,MEDIUM,26.0,22.5,69.0,1003.2,False,29.6,0,1.5,01:14.687,9479,104,2,74,False,8,2972.116,-6864.637052478021,-9292.690316103739,506.2271367359717,2022,Monaco Grand Prix
23,48,MEDIUM,26.0,22.5,69.0,1003.2,False,29.6,0,1.5,01:14.744,10037,108,2,73,False,8,2973.847,-6872.0,-9276.0,506.0,2022,Monaco Grand Prix
23,48,MEDIUM,26.0,22.5,69.0,1003.2,False,29.6,0,1.5,01:14.927,10595,113,2,72,False,8,2979.65,-6894.34891795211,-9231.917525784345,506.1773410107189,2022,Monaco Grand Prix
23,48,MEDIUM,26.0,22.5,69.0,1003.2,False,29.6,0,1.5,01:15.024,10175,118,2,76,False,8,2982.898,-6908.0,-9208.0,506.0,2022,Monaco Grand Prix
23,48,MEDIUM,26.0,22.5,69.0,1003.2,False,29.6,0,1.5,01:15.207,9755,124,2,81,False,8,2989.294,-6940.406583972586,-9154.494988990764,504.33870230668555,2022,Monaco Grand Prix
23,48,MEDIUM,26.0,22.5,69.0,1003.2,False,29.6,0,1.5,01:15.244,9888,126,2,84,False,8,2990.616,-6948.0,-9143.0,504.0,2022,Monaco Grand Prix
23,48,MEDIUM,26.0,22.5,69.0,1003.2,False,29.6,0,1.5,01:15.404,10022,129,2,88,False,8,2996.464,-6984.0,-9092.0,503.0,2022,Monaco Grand Prix
23,48,MEDIUM,26.0,22.5,69.0,1003.2,False,29.6,0,1.5,01:15.447,10156,132,3,92,False,8,2998.094,-6993.865296339264,-9077.977376644187,502.9164840452071,2022,Monaco Grand Prix
23,48,MEDIUM,26.0,22.5,69.0,1003.2,False,29.6,0,1.5,01:15.647,10974,143,3,99,False,8,3006.039,-7039.563554731081,-9011.124523084167,503.56656446532736,2022,Monaco Grand Prix
23,48,MEDIUM,26.0,22.5,69.0,1003.2,False,29.6,0,1.5,01:15.785,10924,148,3,99,False,8,3011.833,-7071.0,-8964.0,504.0,2022,Monaco Grand Prix
23,48,MEDIUM,26.0,22.5,69.0,1003.2,False,29.6,0,1.5,01:15.847,10874,153,3,100,False,8,3014.539,-7085.10987670444,-8942.641675207837,504.05140558623657,2022,Monaco Grand Prix
23,48,MEDIUM,26.0,22.5,69.0,1003.2,False,29.6,0,1.5,01:15.985,10848,160,3,100,False,8,3020.813,-7118.0,-8890.0,504.0,2022,Monaco Grand Prix
23,48,MEDIUM,26.0,22.5,69.0,1003.2,False,29.6,0,1.5,01:16.127,10822,167,4,100,False,8,3027.527,-7157.096208880677,-8818.389316487614,504.0587209390873,2022,Monaco Grand Prix
23,48,MEDIUM,26.0,22.5,69.0,1003.2,False,29.6,0,1.5,01:16.205,11066,171,4,100,False,8,3031.279,-7176.0,-8782.0,504.0,2022,Monaco Grand Prix
23,48,MEDIUM,26.0,22.5,69.0,1003.2,False,29.6,0,1.5,01:16.287,11310,175,4,100,False,14,3035.305,-7191.416618465926,-8751.433813388936,503.79354569630203,2022,Monaco Grand Prix
23,48,MEDIUM,26.0,22.5,69.0,1003.2,False,29.6,0,1.5,01:16.505,10976,181,4,100,False,14,3046.584,-7227.0,-8667.0,503.0,2022,Monaco Grand Prix
23,48,MEDIUM,26.0,22.5,69.0,1003.2,False,29.6,0,1.5,01:16.647,10642,188,5,100,False,12,3054.105,-7268.642312252599,-8553.56686864606,502.93682549892986,2022,Monaco Grand Prix
23,48,MEDIUM,26.0,22.5,69.0,1003.2,False,29.6,0,1.5,01:16.765,10911,190,5,100,False,12,3060.344,-7302.0,-8460.0,503.0,2022,Monaco Grand Prix
23,48,MEDIUM,26.0,22.5,69.0,1003.2,False,29.6,0,1.5,01:16.848,11180,192,5,100,False,12,3064.825,-7318.473927706216,-8412.605049050831,503.0173877273572,2022,Monaco Grand Prix
23,48,MEDIUM,26.0,22.5,69.0,1003.2,False,29.6,0,1.5,01:17.167,11701,207,5,100,False,12,3083.168,-7346.716378027017,-8319.576041688664,502.9796507741521,2022,Monaco Grand Prix
23,48,MEDIUM,26.0,22.5,69.0,1003.2,False,29.6,0,1.5,01:17.225,11349,210,5,100,False,12,3086.6,-7354.0,-8295.0,503.0,2022,Monaco Grand Prix
23,48,MEDIUM,26.0,22.5,69.0,1003.2,False,29.6,0,1.5,01:17.425,10997,213,5,100,False,12,3098.621,-7388.0,-8181.0,503.0,2022,Monaco Grand Prix
23,48,MEDIUM,26.0,22.5,69.0,1003.2,False,29.6,0,1.5,01:17.447,10645,216,6,100,False,12,3099.968,-7392.004251003366,-8167.1846267323945,502.9460366889473,2022,Monaco Grand Prix
23,48,MEDIUM,26.0,22.5,69.0,1003.2,False,29.6,0,1.5,01:17.685,10827,220,6,100,False,12,3114.841,-7435.0,-8014.0,502.0,2022,Monaco Grand Prix
23,48,MEDIUM,26.0,22.5,69.0,1003.2,False,29.6,0,1.5,01:17.687,11009,225,6,100,False,12,3114.968,-7435.346340541924,-8012.759503485489,501.997463001096,2022,Monaco Grand Prix
23,48,MEDIUM,26.0,22.5,69.0,1003.2,False,29.6,0,1.5,01:17.785,11095,228,6,100,False,12,3121.216,-7452.0,-7953.0,502.0,2022,Monaco Grand Prix
23,48,MEDIUM,26.0,22.5,69.0,1003.2,False,29.6,0,1.5,01:17.887,11182,231,6,100,False,12,3127.801,-7469.113065906683,-7890.241190944173,502.0146547255172,2022,Monaco Grand Prix
23,48,MEDIUM,26.0,22.5,69.0,1003.2,False,29.6,0,1.5,01:18.065,11361,235,6,100,False,12,3139.532,-7499.0,-7778.0,502.0,2022,Monaco Grand Prix
23,48,MEDIUM,26.0,22.5,69.0,1003.2,False,29.6,0,1.5,01:18.207,11541,239,6,100,False,12,3149.046,-7523.066945659503,-7686.44045621922,502.0032671202177,2022,Monaco Grand Prix
23,48,MEDIUM,26.0,22.5,69.0,1003.2,False,29.6,0,1.5,01:18.225,11338,241,6,100,False,12,3150.258,-7526.0,-7675.0,502.0,2022,Monaco Grand Prix
23,48,MEDIUM,26.0,22.5,69.0,1003.2,False,29.6,0,1.5,01:18.445,11135,243,6,100,False,12,3165.211,-7560.0,-7530.0,502.0,2022,Monaco Grand Prix
23,48,MEDIUM,26.0,22.5,69.0,1003.2,False,29.6,0,1.5,01:18.487,10932,245,6,100,False,12,3168.101,-7566.797315798847,-7495.86477624005,502.0824331386044,2022,Monaco Grand Prix
23,48,MEDIUM,26.0,22.5,69.0,1003.2,False,29.6,0,1.5,01:18.687,10347,251,7,100,False,12,3182.046,-7599.138971435521,-7312.975703627312,502.84457583479104,2022,Monaco Grand Prix
23,48,MEDIUM,26.0,22.5,69.0,1003.2,False,29.6,0,1.5,01:18.725,10575,254,7,100,False,12,3184.734,-7604.0,-7283.0,503.0,2022,Monaco Grand Prix
23,48,MEDIUM,26.0,22.5,69.0,1003.2,False,29.6,0,1.5,01:19.007,10803,258,7,100,False,12,3204.979,-7624.407796636035,-7127.450734703497,503.8138540321691,2022,Monaco Grand Prix
23,48,MEDIUM,26.0,22.5,69.0,1003.2,False,29.6,0,1.5,01:19.125,10881,259,7,100,False,12,3213.488,-7631.0,-7056.0,503.0,2022,Monaco Grand Prix
23,48,MEDIUM,26.0,22.5,69.0,1003.2,False,29.6,0,1.5,01:19.167,10959,260,7,100,False,12,3216.534,-7633.621293482956,-7026.008279630694,502.45994103669,2022,Monaco Grand Prix
23,48,MEDIUM,26.0,22.5,69.0,1003.2,False,29.6,0,1.5,01:19.205,11106,262,7,100,False,12,3219.303,-7636.0,-6998.0,502.0,2022,Monaco Grand Prix
23,48,MEDIUM,26.0,22.5,69.0,1003.2,False,29.6,0,1.5,01:19.485,11254,264,7,100,False,12,3240.042,-7651.0,-6796.0,502.0,2022,Monaco Grand Prix
23,48,MEDIUM,26.0,22.5,69.0,1003.2,False,29.6,0,1.5,01:19.567,11402,267,7,100,False,12,3246.201,-7654.900308564385,-6736.711950473934,502.0325286599636,2022,Monaco Grand Prix
23,48,MEDIUM,26.0,22.5,69.0,1003.2,False,29.6,0,1.5,01:19.725,11421,270,7,100,False,12,3258.162,-7662.0,-6621.0,502.0,2022,Monaco Grand Prix
23,48,MEDIUM,26.0,22.5,69.0,1003.2,False,29.6,0,1.5,01:19.807,11440,273,7,100,False,12,3264.401,-7665.521676830187,-6559.675633049016,502.19260507004776,2022,Monaco Grand Prix
23,48,MEDIUM,26.0,22.5,69.0,1003.2,False,29.6,0,1.5,01:19.909,11479,273,7,100,False,12,3272.182,-7669.750271690187,-6482.148910189872,502.6485272200001,2022,Monaco Grand Prix
23,49,MEDIUM,27.0,22.5,68.0,1003.2,False,29.8,211,1.5,00:00.000,11479,273,7,100,False,12,0.058,-7669.0,-6478.0,502.0,2022,Monaco Grand Prix
23,49,MEDIUM,27.0,22.5,68.0,1003.2,False,29.8,211,1.5,00:00.056,11518,274,7,100,False,12,4.335,-7672.0,-6439.0,503.0,2022,Monaco Grand Prix
23,49,MEDIUM,27.0,22.5,68.0,1003.2,False,29.8,211,1.5,00:00.098,11596,275,7,100,False,12,7.543,-7674.0,-6410.0,503.0,2022,Monaco Grand Prix
23,49,MEDIUM,27.0,22.5,68.0,1003.2,False,29.8,211,1.5,00:00.236,11366,274,7,50,False,12,18.081,-7680.0,-6309.0,503.0,2022,Monaco Grand Prix
23,49,MEDIUM,27.0,22.5,68.0,1003.2,False,29.8,211,1.5,00:00.418,11136,273,7,0,True,8,31.809,-7674.0,-6107.0,502.0,2022,Monaco Grand Prix
23,49,MEDIUM,27.0,22.5,68.0,1003.2,False,29.8,211,1.5,00:00.476,10906,268,7,0,True,8,36.095,-7672.0,-6054.0,503.0,2022,Monaco Grand Prix
23,49,MEDIUM,27.0,22.5,68.0,1003.2,False,29.8,211,1.5,00:00.578,10676,263,7,0,True,0,43.498,-7668.0,-5992.0,503.0,2022,Monaco Grand Prix
23,49,MEDIUM,27.0,22.5,68.0,1003.2,False,29.8,211,1.5,00:00.736,10335,256,7,0,True,0,54.536,-7664.0,-5932.0,503.0,2022,Monaco Grand Prix
23,49,MEDIUM,27.0,22.5,68.0,1003.2,False,29.8,211,1.5,00:00.818,9995,249,7,0,True,0,60.098,-7660.0,-5887.0,502.0,2022,Monaco Grand Prix
23,49,MEDIUM,27.0,22.5,68.0,1003.2,False,29.8,211,1.5,00:01.018,9705,236,7,0,True,0,73.209,-7647.0,-5747.0,502.0,2022,Monaco Grand Prix
23,49,MEDIUM,27.0,22.5,68.0,1003.2,False,29.8,211,1.5,00:01.095,9552,228,7,0,True,0,78.003,-7642.0,-5695.0,503.0,2022,Monaco Grand Prix
23,49,MEDIUM,27.0,22.5,68.0,1003.2,False,29.8,211,1.5,00:01.178,9399,221,7,0,True,0,83.032,-7635.0,-5642.0,504.0,2022,Monaco Grand Prix
23,49,MEDIUM,27.0,22.5,68.0,1003.2,False,29.8,211,1.5,00:01.195,9544,217,7,0,True,0,84.049,-7634.0,-5632.0,505.0,2022,Monaco Grand Prix
23,49,MEDIUM,27.0,22.5,68.0,1003.2,False,29.8,211,1.5,00:01.415,9689,213,7,0,True,0,96.797,-7616.0,-5511.0,513.0,2022,Monaco Grand Prix
23,49,MEDIUM,27.0,22.5,68.0,1003.2,False,29.8,211,1.5,00:01.418,9835,209,6,0,True,0,96.965,-7615.0,-5509.0,513.0,2022,Monaco Grand Prix
23,49,MEDIUM,27.0,22.5,68.0,1003.2,False,29.8,211,1.5,00:01.578,9693,196,6,0,True,0,105.676,-7599.0,-5422.0,513.0,2022,Monaco Grand Prix
23,49,MEDIUM,27.0,22.5,68.0,1003.2,False,29.8,211,1.5,00:01.615,9525,188,6,0,True,0,107.624,-7596.0,-5403.0,514.0,2022,Monaco Grand Prix
23,49,MEDIUM,27.0,22.5,68.0,1003.2,False,29.8,211,1.5,00:01.858,9357,181,5,0,True,0,119.754,-7570.0,-5280.0,519.0,2022,Monaco Grand Prix
23,49,MEDIUM,27.0,22.5,68.0,1003.2,False,29.8,211,1.5,00:01.935,9356,174,5,0,True,0,123.327,-7562.0,-5244.0,521.0,2022,Monaco Grand Prix
23,49,MEDIUM,27.0,22.5,68.0,1003.2,False,29.8,211,1.5,00:02.136,9356,167,5,0,True,0,132.114,-7541.0,-5155.0,521.0,2022,Monaco Grand Prix
23,49,MEDIUM,27.0,22.5,68.0,1003.2,False,29.8,211,1.5,00:02.138,9356,160,4,0,True,0,132.198,-7540.0,-5154.0,521.0,2022,Monaco Grand Prix
23,49,MEDIUM,27.0,22.5,68.0,1003.2,False,29.8,211,1.5,00:02.296,9048,153,4,0,True,0,138.686,-7524.0,-5092.0,522.0,2022,Monaco Grand Prix
23,49,MEDIUM,27.0,22.5,68.0,1003.2,False,29.8,211,1.5,00:02.338,8740,146,4,0,True,0,140.309,-7520.0,-5077.0,522.0,2022,Monaco Grand Prix
23,49,MEDIUM,27.0,22.5,68.0,1003.2,False,29.8,211,1.5,00:02.556,8490,136,4,0,True,0,147.915,-7500.0,-5005.0,524.0,2022,Monaco Grand Prix
23,49,MEDIUM,27.0,22.5,68.0,1003.2,False,29.8,211,1.5,00:02.816,8240,127,4,0,True,0,155.981,-7458.0,-4874.0,530.0,2022,Monaco Grand Prix
23,49,MEDIUM,27.0,22.5,68.0,1003.2,False,29.8,211,1.5,00:02.818,7990,118,3,0,True,0,156.043,-7457.0,-4873.0,530.0,2022,Monaco Grand Prix
23,49,MEDIUM,27.0,22.5,68.0,1003.2,False,29.8,211,1.5,00:03.098,7149,109,3,0,True,0,164.521,-7439.0,-4824.0,533.0,2022,Monaco Grand Prix
23,49,MEDIUM,27.0,22.5,68.0,1003.2,False,29.8,211,1.5,00:03.196,6967,104,3,0,True,0,167.262,-7433.0,-4809.0,534.0,2022,Monaco Grand Prix
23,49,MEDIUM,27.0,22.5,68.0,1003.2,False,29.8,211,1.5,00:03.298,6785,99,3,0,True,0,170.021,-7422.0,-4786.0,534.0,2022,Monaco Grand Prix
23,49,MEDIUM,27.0,22.5,68.0,1003.2,False,29.8,211,1.5,00:03.436,6695,97,3,0,True,0,173.696,-7405.0,-4752.0,535.0,2022,Monaco Grand Prix
23,49,MEDIUM,27.0,22.5,68.0,1003.2,False,29.8,211,1.5,00:03.516,6605,96,3,0,True,0,175.797,-7394.0,-4735.0,536.0,2022,Monaco Grand Prix
23,49,MEDIUM,27.0,22.5,68.0,1003.2,False,29.8,211,1.5,00:03.579,6516,95,3,0,True,0,177.436,-7381.0,-4720.0,536.0,2022,Monaco Grand Prix
23,49,MEDIUM,27.0,22.5,68.0,1003.2,False,29.8,211,1.5,00:03.796,6535,93,3,0,True,0,182.987,-7323.0,-4671.0,537.0,2022,Monaco Grand Prix
23,49,MEDIUM,27.0,22.5,68.0,1003.2,False,29.8,211,1.5,00:03.819,6554,92,3,1,False,0,183.569,-7317.0,-4667.0,537.0,2022,Monaco Grand Prix
23,49,MEDIUM,27.0,22.5,68.0,1003.2,False,29.8,211,1.5,00:04.216,6484,91,3,3,False,0,193.504,-7254.0,-4641.0,539.0,2022,Monaco Grand Prix
23,49,MEDIUM,27.0,22.5,68.0,1003.2,False,29.8,211,1.5,00:04.258,6414,90,3,5,False,0,194.544,-7245.0,-4638.0,539.0,2022,Monaco Grand Prix
23,49,MEDIUM,27.0,22.5,68.0,1003.2,False,29.8,211,1.5,00:04.416,6518,89,3,10,False,0,198.442,-7203.0,-4627.0,541.0,2022,Monaco Grand Prix
23,49,MEDIUM,27.0,22.5,68.0,1003.2,False,29.8,211,1.5,00:04.596,6622,89,3,16,False,0,202.895,-7129.0,-4612.0,545.0,2022,Monaco Grand Prix
23,49,MEDIUM,27.0,22.5,68.0,1003.2,False,29.8,211,1.5,00:04.618,6727,89,3,22,False,0,203.444,-7122.0,-4610.0,545.0,2022,Monaco Grand Prix
23,49,MEDIUM,27.0,22.5,68.0,1003.2,False,29.8,211,1.5,00:04.778,6794,91,3,35,False,0,207.489,-7093.0,-4605.0,546.0,2022,Monaco Grand Prix
23,49,MEDIUM,27.0,22.5,68.0,1003.2,False,29.8,211,1.5,00:04.936,6992,93,3,45,False,0,211.632,-7073.0,-4603.0,547.0,2022,Monaco Grand Prix
23,49,MEDIUM,27.0,22.5,68.0,1003.2,False,29.8,211,1.5,00:05.058,7190,95,3,55,False,0,214.877,-7045.0,-4600.0,548.0,2022,Monaco Grand Prix
23,49,MEDIUM,27.0,22.5,68.0,1003.2,False,29.8,211,1.5,00:05.258,7506,97,3,60,False,0,220.266,-6985.0,-4594.0,552.0,2022,Monaco Grand Prix
23,49,MEDIUM,27.0,22.5,68.0,1003.2,False,29.8,211,1.5,00:05.316,7689,100,3,63,False,0,221.923,-6968.0,-4593.0,554.0,2022,Monaco Grand Prix
23,49,MEDIUM,27.0,22.5,68.0,1003.2,False,29.8,211,1.5,00:05.436,7872,104,3,67,False,0,225.512,-6933.0,-4590.0,557.0,2022,Monaco Grand Prix
23,49,MEDIUM,27.0,22.5,68.0,1003.2,False,29.8,211,1.5,00:05.538,8056,108,3,71,False,0,228.666,-6911.0,-4587.0,558.0,2022,Monaco Grand Prix
23,49,MEDIUM,27.0,22.5,68.0,1003.2,False,29.8,211,1.5,00:05.716,8379,113,3,75,False,0,234.346,-6883.0,-4585.0,561.0,2022,Monaco Grand Prix
23,49,MEDIUM,27.0,22.5,68.0,1003.2,False,29.8,211,1.5,00:05.858,8702,118,3,80,False,0,239.155,-6849.0,-4581.0,563.0,2022,Monaco Grand Prix
23,49,MEDIUM,27.0,22.5,68.0,1003.2,False,29.8,211,1.5,00:06.076,9713,126,3,82,False,0,247.166,-6780.0,-4576.0,568.0,2022,Monaco Grand Prix
23,49,MEDIUM,27.0,22.5,68.0,1003.2,False,29.8,211,1.5,00:06.178,10725,134,3,84,False,0,251.066,-6742.0,-4572.0,571.0,2022,Monaco Grand Prix
23,49,MEDIUM,27.0,22.5,68.0,1003.2,False,29.8,211,1.5,00:06.276,10643,138,3,86,False,0,254.865,-6705.0,-4569.0,575.0,2022,Monaco Grand Prix
23,49,MEDIUM,27.0,22.5,68.0,1003.2,False,29.8,211,1.5,00:06.378,10562,142,3,88,False,0,258.955,-6667.0,-4565.0,577.0,2022,Monaco Grand Prix
23,49,MEDIUM,27.0,22.5,68.0,1003.2,False,29.8,211,1.5,00:06.456,10503,148,3,92,False,0,262.238,-6638.0,-4562.0,580.0,2022,Monaco Grand Prix
23,49,MEDIUM,27.0,22.5,68.0,1003.2,False,29.8,211,1.5,00:06.636,10444,154,3,96,False,0,270.285,-6561.0,-4552.0,586.0,2022,Monaco Grand Prix
23,49,MEDIUM,27.0,22.5,68.0,1003.2,False,29.8,211,1.5,00:06.778,10385,160,3,100,False,0,276.733,-6498.0,-4542.0,591.0,2022,Monaco Grand Prix
23,49,MEDIUM,27.0,22.5,68.0,1003.2,False,29.8,211,1.5,00:06.938,10659,164,4,100,False,0,284.022,-6427.0,-4529.0,597.0,2022,Monaco Grand Prix
23,49,MEDIUM,27.0,22.5,68.0,1003.2,False,29.8,211,1.5,00:06.976,10785,168,4,100,False,0,285.808,-6411.0,-4526.0,599.0,2022,Monaco Grand Prix
23,49,MEDIUM,27.0,22.5,68.0,1003.2,False,29.8,211,1.5,00:07.098,10911,173,4,100,False,0,291.711,-6356.0,-4515.0,604.0,2022,Monaco Grand Prix
23,49,MEDIUM,27.0,22.5,68.0,1003.2,False,29.8,211,1.5,00:07.256,10526,178,4,100,False,0,299.687,-6282.0,-4499.0,611.0,2022,Monaco Grand Prix
23,49,MEDIUM,27.0,22.5,68.0,1003.2,False,29.8,211,1.5,00:07.378,10141,184,4,100,False,0,306.022,-6217.0,-4483.0,616.0,2022,Monaco Grand Prix
23,49,MEDIUM,27.0,22.5,68.0,1003.2,False,29.8,211,1.5,00:07.455,10288,187,4,100,False,0,310.071,-6176.0,-4474.0,620.0,2022,Monaco Grand Prix
23,49,MEDIUM,27.0,22.5,68.0,1003.2,False,29.8,211,1.5,00:07.578,10435,191,5,100,False,0,316.633,-6112.0,-4458.0,625.0,2022,Monaco Grand Prix
23,49,MEDIUM,27.0,22.5,68.0,1003.2,False,29.8,211,1.5,00:07.615,10640,193,5,100,False,0,318.633,-6094.0,-4454.0,627.0,2022,Monaco Grand Prix
23,49,MEDIUM,27.0,22.5,68.0,1003.2,False,29.8,211,1.5,00:07.775,10846,195,5,100,False,0,327.414,-6011.0,-4433.0,635.0,2022,Monaco Grand Prix
23,49,MEDIUM,27.0,22.5,68.0,1003.2,False,29.8,211,1.5,00:07.858,11052,198,5,100,False,0,332.033,-5957.0,-4419.0,639.0,2022,Monaco Grand Prix
23,49,MEDIUM,27.0,22.5,68.0,1003.2,False,29.8,211,1.5,00:08.018,11258,203,5,100,False,0,341.055,-5837.0,-4390.0,650.0,2022,Monaco Grand Prix
23,49,MEDIUM,27.0,22.5,68.0,1003.2,False,29.8,211,1.5,00:08.095,11206,206,5,100,False,0,345.477,-5790.0,-4379.0,655.0,2022,Monaco Grand Prix
23,49,MEDIUM,27.0,22.5,68.0,1003.2,False,29.8,211,1.5,00:08.218,11155,209,5,100,False,0,352.666,-5732.0,-4365.0,660.0,2022,Monaco Grand Prix
23,49,MEDIUM,27.0,22.5,68.0,1003.2,False,29.8,211,1.5,00:08.455,10768,213,5,100,False,0,366.938,-5634.0,-4340.0,670.0,2022,Monaco Grand Prix
23,49,MEDIUM,27.0,22.5,68.0,1003.2,False,29.8,211,1.5,00:08.498,10381,217,6,100,False,0,369.544,-5606.0,-4332.0,672.0,2022,Monaco Grand Prix
23,49,MEDIUM,27.0,22.5,68.0,1003.2,False,29.8,211,1.5,00:08.535,10458,218,6,100,False,0,371.785,-5582.0,-4326.0,675.0,2022,Monaco Grand Prix
23,49,MEDIUM,27.0,22.5,68.0,1003.2,False,29.8,211,1.5,00:08.658,10536,219,6,100,False,0,379.278,-5500.0,-4304.0,682.0,2022,Monaco Grand Prix
23,49,MEDIUM,27.0,22.5,68.0,1003.2,False,29.8,211,1.5,00:09.216,10850,226,6,100,False,0,415.391,-5136.0,-4224.0,716.0,2022,Monaco Grand Prix
23,49,MEDIUM,27.0,22.5,68.0,1003.2,False,29.8,211,1.5,00:09.218,11164,233,6,100,False,0,415.522,-5134.0,-4223.0,716.0,2022,Monaco Grand Prix
23,49,MEDIUM,27.0,22.5,68.0,1003.2,False,29.8,211,1.5,00:09.396,11198,235,6,100,False,0,427.215,-5019.0,-4210.0,727.0,2022,Monaco Grand Prix
23,49,MEDIUM,27.0,22.5,68.0,1003.2,False,29.8,211,1.5,00:09.458,11232,237,6,100,False,0,431.322,-4977.0,-4206.0,730.0,2022,Monaco Grand Prix
23,49,MEDIUM,27.0,22.5,68.0,1003.2,False,29.8,211,1.5,00:09.618,11514,241,6,100,False,0,442.033,-4870.0,-4198.0,740.0,2022,Monaco Grand Prix
23,49,MEDIUM,27.0,22.5,68.0,1003.2,False,29.8,211,1.5,00:09.656,11253,242,6,100,False,0,444.592,-4845.0,-4196.0,743.0,2022,Monaco Grand Prix
23,49,MEDIUM,27.0,22.5,68.0,1003.2,False,29.8,211,1.5,00:09.858,10992,244,6,100,False,0,458.3,-4711.0,-4179.0,755.0,2022,Monaco Grand Prix
23,49,MEDIUM,27.0,22.5,68.0,1003.2,False,29.8,211,1.5,00:09.876,10816,246,6,100,False,0,459.534,-4700.0,-4177.0,757.0,2022,Monaco Grand Prix
23,49,MEDIUM,27.0,22.5,68.0,1003.2,False,29.8,211,1.5,00:10.056,10640,248,6,100,False,0,472.002,-4585.0,-4150.0,768.0,2022,Monaco Grand Prix
23,49,MEDIUM,27.0,22.5,68.0,1003.2,False,29.8,211,1.5,00:10.179,10465,250,7,100,False,0,480.591,-4517.0,-4127.0,773.0,2022,Monaco Grand Prix
23,49,MEDIUM,27.0,22.5,68.0,1003.2,False,29.8,211,1.5,00:10.256,10645,251,7,100,False,0,485.981,-4469.0,-4107.0,778.0,2022,Monaco Grand Prix
23,49,MEDIUM,27.0,22.5,68.0,1003.2,False,29.8,211,1.5,00:10.539,10825,253,7,100,False,0,505.891,-4220.0,-3985.0,799.0,2022,Monaco Grand Prix
23,49,MEDIUM,27.0,22.5,68.0,1003.2,False,29.8,211,1.5,00:10.576,10783,254,7,100,False,0,508.51,-4196.0,-3973.0,802.0,2022,Monaco Grand Prix
23,49,MEDIUM,27.0,22.5,68.0,1003.2,False,29.8,211,1.5,00:10.738,10741,256,7,100,False,0,520.042,-4127.0,-3937.0,808.0,2022,Monaco Grand Prix
23,49,MEDIUM,27.0,22.5,68.0,1003.2,False,29.8,211,1.5,00:10.836,10773,258,7,72,False,0,527.115,-4079.0,-3916.0,812.0,2022,Monaco Grand Prix
23,49,MEDIUM,27.0,22.5,68.0,1003.2,False,29.8,211,1.5,00:10.978,10805,260,7,44,True,0,537.376,-3961.0,-3869.0,821.0,2022,Monaco Grand Prix
23,49,MEDIUM,27.0,22.5,68.0,1003.2,False,29.8,211,1.5,00:11.176,10644,256,7,22,True,0,551.353,-3767.0,-3800.0,836.0,2022,Monaco Grand Prix
23,49,MEDIUM,27.0,22.5,68.0,1003.2,False,29.8,211,1.5,00:11.218,10483,253,7,0,True,0,554.242,-3733.0,-3789.0,838.0,2022,Monaco Grand Prix
23,49,MEDIUM,27.0,22.5,68.0,1003.2,False,29.8,211,1.5,00:11.618,9397,233,7,0,True,0,580.131,-3525.0,-3747.0,851.0,2022,Monaco Grand Prix
23,49,MEDIUM,27.0,22.5,68.0,1003.2,False,29.8,211,1.5,00:11.636,9459,219,7,0,True,0,581.216,-3517.0,-3746.0,852.0,2022,Monaco Grand Prix
23,49,MEDIUM,27.0,22.5,68.0,1003.2,False,29.8,211,1.5,00:11.978,9522,206,7,0,True,0,600.731,-3359.0,-3724.0,857.0,2022,Monaco Grand Prix
23,49,MEDIUM,27.0,22.5,68.0,1003.2,False,29.8,211,1.5,00:11.996,9374,202,7,0,True,0,601.731,-3350.0,-3723.0,858.0,2022,Monaco Grand Prix
23,49,MEDIUM,27.0,22.5,68.0,1003.2,False,29.8,211,1.5,00:12.216,9226,199,7,0,True,0,613.694,-3230.0,-3708.0,861.0,2022,Monaco Grand Prix
23,49,MEDIUM,27.0,22.5,68.0,1003.2,False,29.8,211,1.5,00:12.218,9078,196,6,0,True,0,613.798,-3228.0,-3707.0,861.0,2022,Monaco Grand Prix
23,49,MEDIUM,27.0,22.5,68.0,1003.2,False,29.8,211,1.5,00:12.316,9293,187,6,0,True,0,618.805,-3177.0,-3702.0,862.0,2022,Monaco Grand Prix
23,49,MEDIUM,27.0,22.5,68.0,1003.2,False,29.8,211,1.5,00:12.498,9508,179,5,0,True,0,627.72,-3063.0,-3685.0,861.0,2022,Monaco Grand Prix
23,49,MEDIUM,27.0,22.5,68.0,1003.2,False,29.8,211,1.5,00:12.676,9498,176,5,0,True,0,636.351,-2964.0,-3669.0,861.0,2022,Monaco Grand Prix
23,49,MEDIUM,27.0,22.5,68.0,1003.2,False,29.8,211,1.5,00:12.818,9488,173,5,0,True,0,643.098,-2917.0,-3660.0,860.0,2022,Monaco Grand Prix
23,49,MEDIUM,27.0,22.5,68.0,1003.2,False,29.8,211,1.5,00:12.978,9954,166,4,0,True,0,650.476,-2866.0,-3646.0,860.0,2022,Monaco Grand Prix
23,49,MEDIUM,27.0,22.5,68.0,1003.2,False,29.8,211,1.5,00:12.996,9824,163,4,0,True,0,651.29,-2858.0,-3643.0,861.0,2022,Monaco Grand Prix
23,49,MEDIUM,27.0,22.5,68.0,1003.2,False,29.8,211,1.5,00:13.256,9694,161,4,0,True,0,662.756,-2697.0,-3583.0,862.0,2022,Monaco Grand Prix
23,49,MEDIUM,27.0,22.5,68.0,1003.2,False,29.8,211,1.5,00:13.258,9564,159,4,0,True,0,662.842,-2696.0,-3582.0,862.0,2022,Monaco Grand Prix
23,49,MEDIUM,27.0,22.5,68.0,1003.2,False,29.8,211,1.5,00:13.498,9135,154,4,0,True,0,673.109,-2646.0,-3561.0,862.0,2022,Monaco Grand Prix
23,49,MEDIUM,27.0,22.5,68.0,1003.2,False,29.8,211,1.5,00:13.596,8980,150,4,0,True,0,677.155,-2623.0,-3545.0,863.0,2022,Monaco Grand Prix
23,49,MEDIUM,27.0,22.5,68.0,1003.2,False,29.8,211,1.5,00:13.916,8825,147,4,0,True,0,689.849,-2476.0,-3437.0,865.0,2022,Monaco Grand Prix
23,49,MEDIUM,27.0,22.5,68.0,1003.2,False,29.8,211,1.5,00:13.938,8671,144,4,0,True,0,690.709,-2468.0,-3431.0,865.0,2022,Monaco Grand Prix
23,49,MEDIUM,27.0,22.5,68.0,1003.2,False,29.8,211,1.5,00:14.098,8531,140,4,0,True,0,696.931,-2436.0,-3404.0,865.0,2022,Monaco Grand Prix
23,49,MEDIUM,27.0,22.5,68.0,1003.2,False,29.8,211,1.5,00:14.315,8313,139,4,0,True,0,705.265,-2410.0,-3369.0,866.0,2022,Monaco Grand Prix
23,49,MEDIUM,27.0,22.5,68.0,1003.2,False,29.8,211,1.5,00:14.338,8096,138,4,0,True,0,706.131,-2405.0,-3362.0,865.0,2022,Monaco Grand Prix
23,49,MEDIUM,27.0,22.5,68.0,1003.2,False,29.8,211,1.5,00:14.495,8085,135,4,0,True,0,711.948,-2368.0,-3313.0,866.0,2022,Monaco Grand Prix
23,49,MEDIUM,27.0,22.5,68.0,1003.2,False,29.8,211,1.5,00:14.538,8074,133,4,0,False,0,713.52,-2359.0,-3301.0,866.0,2022,Monaco Grand Prix
23,49,MEDIUM,27.0,22.5,68.0,1003.2,False,29.8,211,1.5,00:14.675,8022,131,4,0,False,0,718.485,-2337.0,-3260.0,867.0,2022,Monaco Grand Prix
23,49,MEDIUM,27.0,22.5,68.0,1003.2,False,29.8,211,1.5,00:14.738,7971,130,4,0,False,0,720.742,-2324.0,-3230.0,867.0,2022,Monaco Grand Prix
23,49,MEDIUM,27.0,22.5,68.0,1003.2,False,29.8,211,1.5,00:14.915,7899,128,4,0,False,0,727.002,-2286.0,-3132.0,869.0,2022,Monaco Grand Prix
23,49,MEDIUM,27.0,22.5,68.0,1003.2,False,29.8,211,1.5,00:14.978,7827,127,4,1,False,0,729.209,-2277.0,-3107.0,869.0,2022,Monaco Grand Prix
23,49,MEDIUM,27.0,22.5,68.0,1003.2,False,29.8,211,1.5,00:15.436,7812,125,4,4,False,0,744.997,-2267.0,-3019.0,870.0,2022,Monaco Grand Prix
23,49,MEDIUM,27.0,22.5,68.0,1003.2,False,29.8,211,1.5,00:15.458,7797,124,4,8,False,0,745.742,-2266.0,-3009.0,870.0,2022,Monaco Grand Prix
23,49,MEDIUM,27.0,22.5,68.0,1003.2,False,29.8,211,1.5,00:15.616,7682,122,4,14,False,0,751.056,-2264.0,-2935.0,871.0,2022,Monaco Grand Prix
23,49,MEDIUM,27.0,22.5,68.0,1003.2,False,29.8,211,1.5,00:15.738,7567,121,4,20,False,0,755.154,-2263.0,-2900.0,871.0,2022,Monaco Grand Prix
23,49,MEDIUM,27.0,22.5,68.0,1003.2,False,29.8,211,1.5,00:15.936,7616,121,4,21,False,0,761.854,-2268.0,-2867.0,873.0,2022,Monaco Grand Prix
23,49,MEDIUM,27.0,22.5,68.0,1003.2,False,29.8,211,1.5,00:16.018,7665,122,4,23,False,0,764.642,-2271.0,-2844.0,873.0,2022,Monaco Grand Prix
23,49,MEDIUM,27.0,22.5,68.0,1003.2,False,29.8,211,1.5,00:16.258,7689,123,4,24,False,0,772.842,-2286.0,-2759.0,874.0,2022,Monaco Grand Prix
23,49,MEDIUM,27.0,22.5,68.0,1003.2,False,29.8,211,1.5,00:16.276,7680,123,4,24,False,0,773.461,-2288.0,-2753.0,874.0,2022,Monaco Grand Prix
23,49,MEDIUM,27.0,22.5,68.0,1003.2,False,29.8,211,1.5,00:16.396,7671,123,4,24,False,0,777.596,-2300.0,-2713.0,874.0,2022,Monaco Grand Prix
23,49,MEDIUM,27.0,22.5,68.0,1003.2,False,29.8,211,1.5,00:16.418,7663,124,4,24,False,0,778.354,-2302.0,-2705.0,874.0,2022,Monaco Grand Prix
23,49,MEDIUM,27.0,22.5,68.0,1003.2,False,29.8,211,1.5,00:16.596,7688,124,4,22,False,0,784.477,-2323.0,-2648.0,883.0,2022,Monaco Grand Prix
23,49,MEDIUM,27.0,22.5,68.0,1003.2,False,29.8,211,1.5,00:16.739,7714,124,4,20,False,0,789.41,-2348.0,-2591.0,884.0,2022,Monaco Grand Prix
23,49,MEDIUM,27.0,22.5,68.0,1003.2,False,29.8,211,1.5,00:16.876,7653,124,4,17,False,0,794.165,-2374.0,-2541.0,884.0,2022,Monaco Grand Prix
23,49,MEDIUM,27.0,22.5,68.0,1003.2,False,29.8,211,1.5,00:16.979,7593,125,4,15,False,0,797.744,-2388.0,-2514.0,884.0,2022,Monaco Grand Prix
23,49,MEDIUM,27.0,22.5,68.0,1003.2,False,29.8,211,1.5,00:17.136,7602,124,4,8,False,0,803.186,-2409.0,-2481.0,885.0,2022,Monaco Grand Prix
23,49,MEDIUM,27.0,22.5,68.0,1003.2,False,29.8,211,1.5,00:17.259,7612,124,4,1,False,0,807.388,-2431.0,-2447.0,885.0,2022,Monaco Grand Prix
23,49,MEDIUM,27.0,22.5,68.0,1003.2,False,29.8,211,1.5,00:17.436,7432,122,4,0,False,0,813.272,-2468.0,-2396.0,886.0,2022,Monaco Grand Prix
23,49,MEDIUM,27.0,22.5,68.0,1003.2,False,29.8,211,1.5,00:17.636,7253,120,4,0,False,0,819.766,-2509.0,-2343.0,885.0,2022,Monaco Grand Prix
23,49,MEDIUM,27.0,22.5,68.0,1003.2,False,29.8,211,1.5,00:17.698,7074,118,4,0,True,0,821.777,-2521.0,-2327.0,884.0,2022,Monaco Grand Prix
23,49,MEDIUM,27.0,22.5,68.0,1003.2,False,29.8,211,1.5,00:17.796,6941,117,4,0,True,0,824.954,-2542.0,-2303.0,885.0,2022,Monaco Grand Prix
23,49,MEDIUM,27.0,22.5,68.0,1003.2,False,29.8,211,1.5,00:17.858,6809,116,4,0,True,0,826.933,-2554.0,-2287.0,884.0,2022,Monaco Grand Prix
23,49,MEDIUM,27.0,22.5,68.0,1003.2,False,29.8,211,1.5,00:18.056,6706,113,4,0,True,0,832.985,-2594.0,-2240.0,885.0,2022,Monaco Grand Prix
23,49,MEDIUM,27.0,22.5,68.0,1003.2,False,29.8,211,1.5,00:18.058,6603,110,4,0,True,0,833.044,-2594.0,-2239.0,885.0,2022,Monaco Grand Prix
23,49,MEDIUM,27.0,22.5,68.0,1003.2,False,29.8,211,1.5,00:18.218,6148,104,4,0,True,0,837.666,-2623.0,-2203.0,885.0,2022,Monaco Grand Prix
23,49,MEDIUM,27.0,22.5,68.0,1003.2,False,29.8,211,1.5,00:18.276,6036,101,4,0,True,0,839.285,-2634.0,-2191.0,886.0,2022,Monaco Grand Prix
23,49,MEDIUM,27.0,22.5,68.0,1003.2,False,29.8,211,1.5,00:18.516,5924,99,4,0,True,0,845.712,-2672.0,-2138.0,886.0,2022,Monaco Grand Prix
23,49,MEDIUM,27.0,22.5,68.0,1003.2,False,29.8,211,1.5,00:18.538,5813,97,4,0,True,0,846.289,-2675.0,-2133.0,885.0,2022,Monaco Grand Prix
23,49,MEDIUM,27.0,22.5,68.0,1003.2,False,29.8,211,1.5,00:18.596,5779,95,4,0,True,0,847.8,-2683.0,-2120.0,886.0,2022,Monaco Grand Prix
23,49,MEDIUM,27.0,22.5,68.0,1003.2,False,29.8,211,1.5,00:18.778,5745,93,4,0,False,0,852.489,-2705.0,-2079.0,887.0,2022,Monaco Grand Prix
23,49,MEDIUM,27.0,22.5,68.0,1003.2,False,29.8,211,1.5,00:18.876,5721,92,4,0,False,0,855.0,-2716.0,-2057.0,888.0,2022,Monaco Grand Prix
23,49,MEDIUM,27.0,22.5,68.0,1003.2,False,29.8,211,1.5,00:18.938,5698,92,4,0,False,0,856.577,-2721.0,-2042.0,888.0,2022,Monaco Grand Prix
23,49,MEDIUM,27.0,22.5,68.0,1003.2,False,29.8,211,1.5,00:19.116,5691,91,4,0,False,0,861.027,-2736.0,-2001.0,890.0,2022,Monaco Grand Prix
23,49,MEDIUM,27.0,22.5,68.0,1003.2,False,29.8,211,1.5,00:19.336,5684,90,4,0,False,0,866.424,-2745.0,-1948.0,893.0,2022,Monaco Grand Prix
23,49,MEDIUM,27.0,22.5,68.0,1003.2,False,29.8,211,1.5,00:19.418,5678,89,4,0,False,0,868.444,-2745.0,-1928.0,893.0,2022,Monaco Grand Prix
23,49,MEDIUM,27.0,22.5,68.0,1003.2,False,29.8,211,1.5,00:19.556,5617,89,4,3,False,0,871.856,-2744.0,-1894.0,893.0,2022,Monaco Grand Prix
23,49,MEDIUM,27.0,22.5,68.0,1003.2,False,29.8,211,1.5,00:19.578,5557,89,4,7,False,0,872.4,-2743.0,-1888.0,893.0,2022,Monaco Grand Prix
23,49,MEDIUM,27.0,22.5,68.0,1003.2,False,29.8,211,1.5,00:19.676,5517,89,4,8,False,0,874.821,-2741.0,-1864.0,894.0,2022,Monaco Grand Prix
23,49,MEDIUM,27.0,22.5,68.0,1003.2,False,29.8,211,1.5,00:19.778,5478,89,4,10,False,0,877.344,-2736.0,-1838.0,894.0,2022,Monaco Grand Prix
23,49,MEDIUM,27.0,22.5,68.0,1003.2,False,29.8,211,1.5,00:19.936,5554,89,4,11,False,0,881.279,-2727.0,-1801.0,895.0,2022,Monaco Grand Prix
23,49,MEDIUM,27.0,22.5,68.0,1003.2,False,29.8,211,1.5,00:20.018,5630,90,4,13,False,0,883.344,-2721.0,-1782.0,895.0,2022,Monaco Grand Prix
23,49,MEDIUM,27.0,22.5,68.0,1003.2,False,29.8,211,1.5,00:20.136,5668,91,4,14,False,0,886.352,-2713.0,-1755.0,895.0,2022,Monaco Grand Prix
23,49,MEDIUM,27.0,22.5,68.0,1003.2,False,29.8,211,1.5,00:20.178,5706,92,4,16,False,0,887.433,-2709.0,-1744.0,894.0,2022,Monaco Grand Prix
23,49,MEDIUM,27.0,22.5,68.0,1003.2,False,29.8,211,1.5,00:20.336,5857,93,4,17,False,0,891.549,-2692.0,-1705.0,894.0,2022,Monaco Grand Prix
23,49,MEDIUM,27.0,22.5,68.0,1003.2,False,29.8,211,1.5,00:20.538,6009,95,4,19,False,0,896.933,-2668.0,-1657.0,891.0,2022,Monaco Grand Prix
23,49,MEDIUM,27.0,22.5,68.0,1003.2,False,29.8,211,1.5,00:20.655,6051,96,4,19,False,0,900.12,-2654.0,-1629.0,889.0,2022,Monaco Grand Prix
23,49,MEDIUM,27.0,22.5,68.0,1003.2,False,29.8,211,1.5,00:20.775,6093,97,4,20,False,0,903.449,-2638.0,-1600.0,887.0,2022,Monaco Grand Prix
23,49,MEDIUM,27.0,22.5,68.0,1003.2,False,29.8,211,1.5,00:20.778,6135,99,4,21,False,0,903.533,-2637.0,-1599.0,886.0,2022,Monaco Grand Prix
23,49,MEDIUM,27.0,22.5,68.0,1003.2,False,29.8,211,1.5,00:20.935,6299,101,4,22,False,0,907.992,-2620.0,-1571.0,885.0,2022,Monaco Grand Prix
23,49,MEDIUM,27.0,22.5,68.0,1003.2,False,29.8,211,1.5,00:21.178,6463,104,4,23,False,0,915.089,-2580.0,-1511.0,878.0,2022,Monaco Grand Prix
23,49,MEDIUM,27.0,22.5,68.0,1003.2,False,29.8,211,1.5,00:21.195,6567,105,4,23,False,0,915.592,-2577.0,-1507.0,878.0,2022,Monaco Grand Prix
23,49,MEDIUM,27.0,22.5,68.0,1003.2,False,29.8,211,1.5,00:21.375,6672,106,4,23,False,0,920.972,-2545.0,-1465.0,873.0,2022,Monaco Grand Prix
23,49,MEDIUM,27.0,22.5,68.0,1003.2,False,29.8,211,1.5,00:21.498,6777,108,4,23,False,0,924.689,-2522.0,-1437.0,870.0,2022,Monaco Grand Prix
23,49,MEDIUM,27.0,22.5,68.0,1003.2,False,29.8,211,1.5,00:21.555,6805,109,4,23,False,0,926.419,-2511.0,-1423.0,869.0,2022,Monaco Grand Prix
23,49,MEDIUM,27.0,22.5,68.0,1003.2,False,29.8,211,1.5,00:21.698,6833,110,4,23,False,0,930.8,-2476.0,-1382.0,865.0,2022,Monaco Grand Prix
23,49,MEDIUM,27.0,22.5,68.0,1003.2,False,29.8,211,1.5,00:21.896,6997,112,4,23,False,0,937.012,-2426.0,-1325.0,860.0,2022,Monaco Grand Prix
23,49,MEDIUM,27.0,22.5,68.0,1003.2,False,29.8,211,1.5,00:22.098,7162,114,4,23,False,0,943.466,-2391.0,-1286.0,857.0,2022,Monaco Grand Prix
23,49,MEDIUM,27.0,22.5,68.0,1003.2,False,29.8,211,1.5,00:22.256,7190,115,4,23,False,0,948.557,-2366.0,-1259.0,855.0,2022,Monaco Grand Prix
23,49,MEDIUM,27.0,22.5,68.0,1003.2,False,29.8,211,1.5,00:22.258,7218,116,4,24,False,0,948.622,-2365.0,-1258.0,854.0,2022,Monaco Grand Prix
23,49,MEDIUM,27.0,22.5,68.0,1003.2,False,29.8,211,1.5,00:22.436,7282,117,4,23,False,0,954.457,-2331.0,-1220.0,851.0,2022,Monaco Grand Prix
23,49,MEDIUM,27.0,22.5,68.0,1003.2,False,29.8,211,1.5,00:22.636,7346,118,4,23,False,0,961.109,-2283.0,-1166.0,846.0,2022,Monaco Grand Prix
23,49,MEDIUM,27.0,22.5,68.0,1003.2,False,29.8,211,1.5,00:22.658,7411,119,4,23,False,0,961.844,-2278.0,-1160.0,845.0,2022,Monaco Grand Prix
23,49,MEDIUM,27.0,22.5,68.0,1003.2,False,29.8,211,1.5,00:22.858,7511,121,4,23,False,0,968.566,-2235.0,-1109.0,841.0,2022,Monaco Grand Prix
23,49,MEDIUM,27.0,22.5,68.0,1003.2,False,29.8,211,1.5,00:22.876,7639,122,4,23,False,0,969.179,-2232.0,-1104.0,841.0,2022,Monaco Grand Prix
23,49,MEDIUM,27.0,22.5,68.0,1003.2,False,29.8,211,1.5,00:23.098,7768,124,4,23,False,0,976.833,-2178.0,-1032.0,833.0,2022,Monaco Grand Prix
23,49,MEDIUM,27.0,22.5,68.0,1003.2,False,29.8,211,1.5,00:23.216,7758,125,4,24,False,0,980.946,-2151.0,-993.0,829.0,2022,Monaco Grand Prix
23,49,MEDIUM,27.0,22.5,68.0,1003.2,False,29.8,211,1.5,00:23.379,7749,126,4,25,False,0,986.668,-2115.0,-941.0,823.0,2022,Monaco Grand Prix
23,49,MEDIUM,27.0,22.5,68.0,1003.2,False,29.8,211,1.5,00:23.556,7811,126,4,24,False,0,992.936,-2080.0,-889.0,819.0,2022,Monaco Grand Prix
23,49,MEDIUM,27.0,22.5,68.0,1003.2,False,29.8,211,1.5,00:23.656,7873,127,4,23,False,0,996.5,-2060.0,-860.0,817.0,2022,Monaco Grand Prix
23,49,MEDIUM,27.0,22.5,68.0,1003.2,False,29.8,211,1.5,00:23.739,7936,128,4,23,False,0,999.468,-2043.0,-836.0,814.0,2022,Monaco Grand Prix
23,49,MEDIUM,27.0,22.5,68.0,1003.2,False,29.8,211,1.5,00:23.899,7481,129,4,0,False,0,1005.201,-2011.0,-788.0,809.0,2022,Monaco Grand Prix
23,49,MEDIUM,27.0,22.5,68.0,1003.2,False,29.8,211,1.5,00:23.916,7450,128,4,0,False,0,1005.807,-2007.0,-783.0,809.0,2022,Monaco Grand Prix
23,49,MEDIUM,27.0,22.5,68.0,1003.2,False,29.8,211,1.5,00:24.138,7420,127,4,0,True,0,1013.633,-1942.0,-693.0,800.0,2022,Monaco Grand Prix
23,49,MEDIUM,27.0,22.5,68.0,1003.2,False,29.8,211,1.5,00:24.256,7345,125,4,0,True,0,1017.709,-1915.0,-655.0,797.0,2022,Monaco Grand Prix
23,49,MEDIUM,27.0,22.5,68.0,1003.2,False,29.8,211,1.5,00:24.338,7271,123,4,0,True,0,1020.466,-1901.0,-637.0,795.0,2022,Monaco Grand Prix
23,49,MEDIUM,27.0,22.5,68.0,1003.2,False,29.8,211,1.5,00:24.576,7170,118,4,0,True,0,1028.031,-1876.0,-604.0,792.0,2022,Monaco Grand Prix
23,49,MEDIUM,27.0,22.5,68.0,1003.2,False,29.8,211,1.5,00:24.658,7070,114,4,0,True,0,1030.599,-1860.0,-583.0,790.0,2022,Monaco Grand Prix
23,49,MEDIUM,27.0,22.5,68.0,1003.2,False,29.8,211,1.5,00:24.716,7266,113,4,0,True,0,1032.425,-1849.0,-569.0,790.0,2022,Monaco Grand Prix
23,49,MEDIUM,27.0,22.5,68.0,1003.2,False,29.8,211,1.5,00:24.818,7462,112,4,0,True,0,1035.577,-1830.0,-545.0,787.0,2022,Monaco Grand Prix
23,49,MEDIUM,27.0,22.5,68.0,1003.2,False,29.8,211,1.5,00:24.976,7118,104,4,0,True,0,1040.028,-1802.0,-510.0,784.0,2022,Monaco Grand Prix
23,49,MEDIUM,27.0,22.5,68.0,1003.2,False,29.8,211,1.5,00:25.178,6775,97,3,0,True,0,1045.277,-1759.0,-457.0,779.0,2022,Monaco Grand Prix
23,49,MEDIUM,27.0,22.5,68.0,1003.2,False,29.8,211,1.5,00:25.276,6835,94,3,0,True,0,1047.813,-1740.0,-435.0,777.0,2022,Monaco Grand Prix
23,49,MEDIUM,27.0,22.5,68.0,1003.2,False,29.8,211,1.5,00:25.418,6896,92,3,0,True,0,1051.411,-1717.0,-408.0,774.0,2022,Monaco Grand Prix
23,49,MEDIUM,27.0,22.5,68.0,1003.2,False,29.8,211,1.5,00:25.656,7000,88,3,0,True,0,1057.007,-1689.0,-376.0,772.0,2022,Monaco Grand Prix
23,49,MEDIUM,27.0,22.5,68.0,1003.2,False,29.8,211,1.5,00:25.698,7104,84,2,0,True,0,1057.944,-1684.0,-370.0,771.0,2022,Monaco Grand Prix
23,49,MEDIUM,27.0,22.5,68.0,1003.2,False,29.8,211,1.5,00:25.836,6837,81,2,0,True,0,1060.924,-1665.0,-349.0,769.0,2022,Monaco Grand Prix
23,49,MEDIUM,27.0,22.5,68.0,1003.2,False,29.8,211,1.5,00:26.076,6570,78,2,0,True,0,1065.834,-1607.0,-287.0,763.0,2022,Monaco Grand Prix
23,49,MEDIUM,27.0,22.5,68.0,1003.2,False,29.8,211,1.5,00:26.098,6303,75,2,0,True,0,1066.277,-1602.0,-282.0,762.0,2022,Monaco Grand Prix
23,49,MEDIUM,27.0,22.5,68.0,1003.2,False,29.8,211,1.5,00:26.418,5915,71,2,0,True,0,1072.588,-1568.0,-249.0,756.0,2022,Monaco Grand Prix
23,49,MEDIUM,27.0,22.5,68.0,1003.2,False,29.8,211,1.5,00:26.536,5773,69,2,0,True,0,1074.843,-1554.0,-240.0,755.0,2022,Monaco Grand Prix
23,49,MEDIUM,27.0,22.5,68.0,1003.2,False,29.8,211,1.5,00:26.658,5631,68,2,0,True,0,1077.122,-1534.0,-228.0,753.0,2022,Monaco Grand Prix
23,49,MEDIUM,27.0,22.5,68.0,1003.2,False,29.8,211,1.5,00:26.898,5561,65,2,0,True,0,1081.455,-1487.0,-205.0,751.0,2022,Monaco Grand Prix
23,49,MEDIUM,27.0,22.5,68.0,1003.2,False,29.8,211,1.5,00:26.936,5438,65,2,0,True,0,1082.141,-1481.0,-203.0,751.0,2022,Monaco Grand Prix
23,49,MEDIUM,27.0,22.5,68.0,1003.2,False,29.8,211,1.5,00:27.258,5316,65,2,0,True,0,1087.955,-1438.0,-198.0,747.0,2022,Monaco Grand Prix
23,49,MEDIUM,27.0,22.5,68.0,1003.2,False,29.8,211,1.5,00:27.395,5307,64,2,0,True,0,1090.358,-1422.0,-201.0,746.0,2022,Monaco Grand Prix
23,49,MEDIUM,27.0,22.5,68.0,1003.2,False,29.8,211,1.5,00:27.498,5299,63,2,0,False,0,1092.155,-1408.0,-203.0,744.0,2022,Monaco Grand Prix
23,49,MEDIUM,27.0,22.5,68.0,1003.2,False,29.8,211,1.5,00:27.698,5224,63,2,0,False,0,1095.655,-1378.0,-211.0,741.0,2022,Monaco Grand Prix
23,49,MEDIUM,27.0,22.5,68.0,1003.2,False,29.8,211,1.5,00:27.775,5130,62,2,0,False,0,1096.98,-1364.0,-219.0,740.0,2022,Monaco Grand Prix
23,49,MEDIUM,27.0,22.5,68.0,1003.2,False,29.8,211,1.5,00:28.015,5037,61,2,0,False,0,1101.027,-1314.0,-251.0,734.0,2022,Monaco Grand Prix
23,49,MEDIUM,27.0,22.5,68.0,1003.2,False,29.8,211,1.5,00:28.018,4944,61,2,0,False,0,1101.077,-1313.0,-251.0,733.0,2022,Monaco Grand Prix
23,49,MEDIUM,27.0,22.5,68.0,1003.2,False,29.8,211,1.5,00:28.258,4971,60,2,0,False,0,1105.077,-1293.0,-269.0,730.0,2022,Monaco Grand Prix
23,49,MEDIUM,27.0,22.5,68.0,1003.2,False,29.8,211,1.5,00:28.315,5029,60,2,0,False,0,1106.027,-1289.0,-275.0,730.0,2022,Monaco Grand Prix
23,49,MEDIUM,27.0,22.5,68.0,1003.2,False,29.8,211,1.5,00:28.476,5087,60,2,0,False,0,1108.712,-1272.0,-296.0,728.0,2022,Monaco Grand Prix
23,49,MEDIUM,27.0,22.5,68.0,1003.2,False,29.8,211,1.5,00:28.538,5145,60,2,0,False,0,1109.744,-1265.0,-306.0,727.0,2022,Monaco Grand Prix
23,49,MEDIUM,27.0,22.5,68.0,1003.2,False,29.8,211,1.5,00:28.776,5191,60,2,5,False,0,1113.696,-1242.0,-355.0,724.0,2022,Monaco Grand Prix
23,49,MEDIUM,27.0,22.5,68.0,1003.2,False,29.8,211,1.5,00:28.858,5237,60,2,10,False,0,1115.077,-1235.0,-371.0,722.0,2022,Monaco Grand Prix
23,49,MEDIUM,27.0,22.5,68.0,1003.2,False,29.8,211,1.5,00:29.018,5815,62,2,13,False,0,1117.833,-1225.0,-404.0,720.0,2022,Monaco Grand Prix
23,49,MEDIUM,27.0,22.5,68.0,1003.2,False,29.8,211,1.5,00:29.218,5915,66,2,19,False,0,1121.499,-1216.0,-439.0,718.0,2022,Monaco Grand Prix
23,49,MEDIUM,27.0,22.5,68.0,1003.2,False,29.8,211,1.5,00:29.276,6142,68,2,21,False,0,1122.619,-1214.0,-448.0,718.0,2022,Monaco Grand Prix
23,49,MEDIUM,27.0,22.5,68.0,1003.2,False,29.8,211,1.5,00:29.418,6369,71,2,24,False,0,1125.444,-1209.0,-463.0,717.0,2022,Monaco Grand Prix
23,49,MEDIUM,27.0,22.5,68.0,1003.2,False,29.8,211,1.5,00:29.556,6542,72,2,26,False,0,1128.249,-1206.0,-480.0,716.0,2022,Monaco Grand Prix
23,49,MEDIUM,27.0,22.5,68.0,1003.2,False,29.8,211,1.5,00:29.658,6716,74,2,29,False,0,1130.377,-1202.0,-496.0,714.0,2022,Monaco Grand Prix
23,49,MEDIUM,27.0,22.5,68.0,1003.2,False,29.8,211,1.5,00:29.816,6824,76,2,30,False,0,1133.799,-1193.0,-531.0,711.0,2022,Monaco Grand Prix
23,49,MEDIUM,27.0,22.5,68.0,1003.2,False,29.8,211,1.5,00:29.819,6932,78,2,32,False,0,1133.866,-1192.0,-531.0,710.0,2022,Monaco Grand Prix
23,49,MEDIUM,27.0,22.5,68.0,1003.2,False,29.8,211,1.5,00:30.076,7384,82,2,38,False,0,1139.885,-1168.0,-613.0,704.0,2022,Monaco Grand Prix
23,49,MEDIUM,27.0,22.5,68.0,1003.2,False,29.8,211,1.5,00:30.259,7836,87,2,44,False,0,1144.499,-1157.0,-645.0,701.0,2022,Monaco Grand Prix
23,49,MEDIUM,27.0,22.5,68.0,1003.2,False,29.8,211,1.5,00:30.416,8177,92,2,45,False,0,1148.663,-1149.0,-671.0,699.0,2022,Monaco Grand Prix
23,49,MEDIUM,27.0,22.5,68.0,1003.2,False,29.8,211,1.5,00:30.579,8518,97,2,46,False,0,1153.121,-1133.0,-711.0,696.0,2022,Monaco Grand Prix
23,49,MEDIUM,27.0,22.5,68.0,1003.2,False,29.8,211,1.5,00:30.636,8650,98,2,41,False,0,1154.696,-1128.0,-727.0,695.0,2022,Monaco Grand Prix
23,49,MEDIUM,27.0,22.5,68.0,1003.2,False,29.8,211,1.5,00:30.739,8782,100,2,37,False,0,1157.566,-1117.0,-753.0,692.0,2022,Monaco Grand Prix
23,49,MEDIUM,27.0,22.5,68.0,1003.2,False,29.8,211,1.5,00:30.756,8659,100,2,24,False,0,1158.042,-1116.0,-758.0,692.0,2022,Monaco Grand Prix
23,49,MEDIUM,27.0,22.5,68.0,1003.2,False,29.8,211,1.5,00:30.996,8537,100,2,12,False,0,1164.79,-1089.0,-820.0,689.0,2022,Monaco Grand Prix
23,49,MEDIUM,27.0,22.5,68.0,1003.2,False,29.8,211,1.5,00:31.018,8415,101,2,0,True,0,1165.393,-1085.0,-827.0,688.0,2022,Monaco Grand Prix
23,49,MEDIUM,27.0,22.5,68.0,1003.2,False,29.8,211,1.5,00:31.296,8162,97,2,0,True,0,1172.696,-1030.0,-936.0,679.0,2022,Monaco Grand Prix
23,49,MEDIUM,27.0,22.5,68.0,1003.2,False,29.8,211,1.5,00:31.338,7909,94,2,0,True,0,1173.749,-1023.0,-947.0,678.0,2022,Monaco Grand Prix
23,49,MEDIUM,27.0,22.5,68.0,1003.2,False,29.8,211,1.5,00:31.698,7389,85,2,0,True,0,1182.249,-996.0,-990.0,674.0,2022,Monaco Grand Prix
23,49,MEDIUM,27.0,22.5,68.0,1003.2,False,29.8,211,1.5,00:31.736,7110,83,2,0,True,0,1183.099,-992.0,-996.0,674.0,2022,Monaco Grand Prix
23,49,MEDIUM,27.0,22.5,68.0,1003.2,False,29.8,211,1.5,00:31.956,6832,81,2,0,True,0,1187.851,-963.0,-1034.0,670.0,2022,Monaco Grand Prix
23,49,MEDIUM,27.0,22.5,68.0,1003.2,False,29.8,211,1.5,00:32.016,6554,79,2,0,True,0,1189.093,-956.0,-1042.0,670.0,2022,Monaco Grand Prix
23,49,MEDIUM,27.0,22.5,68.0,1003.2,False,29.8,211,1.5,00:32.058,6276,77,2,0,True,0,1189.949,-950.0,-1048.0,669.0,2022,Monaco Grand Prix
23,49,MEDIUM,27.0,22.5,68.0,1003.2,False,29.8,211,1.5,00:32.336,6806,73,2,0,True,0,1195.28,-900.0,-1095.0,663.0,2022,Monaco Grand Prix
23,49,MEDIUM,27.0,22.5,68.0,1003.2,False,29.8,211,1.5,00:32.338,7337,69,1,0,True,0,1195.315,-899.0,-1095.0,662.0,2022,Monaco Grand Prix
23,49,MEDIUM,27.0,22.5,68.0,1003.2,False,29.8,211,1.5,00:32.698,6431,59,1,0,True,0,1201.215,-860.0,-1118.0,661.0,2022,Monaco Grand Prix
23,49,MEDIUM,27.0,22.5,68.0,1003.2,False,29.8,211,1.5,00:32.736,6262,57,1,0,True,0,1201.809,-856.0,-1120.0,661.0,2022,Monaco Grand Prix
23,49,MEDIUM,27.0,22.5,68.0,1003.2,False,29.8,211,1.5,00:32.896,6093,56,1,0,True,0,1204.272,-833.0,-1128.0,660.0,2022,Monaco Grand Prix
23,49,MEDIUM,27.0,22.5,68.0,1003.2,False,29.8,211,1.5,00:32.978,5925,55,1,0,True,0,1205.493,-820.0,-1130.0,659.0,2022,Monaco Grand Prix
23,49,MEDIUM,27.0,22.5,68.0,1003.2,False,29.8,211,1.5,00:33.096,5662,53,1,0,True,0,1207.192,-803.0,-1132.0,658.0,2022,Monaco Grand Prix
23,49,MEDIUM,27.0,22.5,68.0,1003.2,False,29.8,211,1.5,00:33.336,5400,51,1,0,True,0,1210.482,-772.0,-1126.0,657.0,2022,Monaco Grand Prix
23,49,MEDIUM,27.0,22.5,68.0,1003.2,False,29.8,211,1.5,00:33.378,5138,50,1,0,True,0,1211.049,-767.0,-1124.0,656.0,2022,Monaco Grand Prix
23,49,MEDIUM,27.0,22.5,68.0,1003.2,False,29.8,211,1.5,00:33.618,4957,48,1,0,True,0,1214.249,-744.0,-1103.0,656.0,2022,Monaco Grand Prix
23,49,MEDIUM,27.0,22.5,68.0,1003.2,False,29.8,211,1.5,00:33.636,4870,47,1,0,True,0,1214.486,-743.0,-1100.0,656.0,2022,Monaco Grand Prix
23,49,MEDIUM,27.0,22.5,68.0,1003.2,False,29.8,211,1.5,00:33.815,4783,47,1,0,True,0,1216.825,-732.0,-1060.0,654.0,2022,Monaco Grand Prix
23,49,MEDIUM,27.0,22.5,68.0,1003.2,False,29.8,211,1.5,00:33.858,4697,47,1,0,False,0,1217.382,-730.0,-1052.0,653.0,2022,Monaco Grand Prix
23,49,MEDIUM,27.0,22.5,68.0,1003.2,False,29.8,211,1.5,00:34.215,4654,46,1,0,False,0,1221.944,-733.0,-1025.0,650.0,2022,Monaco Grand Prix
23,49,MEDIUM,27.0,22.5,68.0,1003.2,False,29.8,211,1.5,00:34.218,4612,46,1,0,False,0,1221.982,-733.0,-1024.0,649.0,2022,Monaco Grand Prix
23,49,MEDIUM,27.0,22.5,68.0,1003.2,False,29.8,211,1.5,00:34.435,4543,46,1,1,False,0,1224.754,-743.0,-982.0,644.0,2022,Monaco Grand Prix
23,49,MEDIUM,27.0,22.5,68.0,1003.2,False,29.8,211,1.5,00:34.458,4475,46,1,3,False,0,1225.049,-743.0,-978.0,643.0,2022,Monaco Grand Prix
23,49,MEDIUM,27.0,22.5,68.0,1003.2,False,29.8,211,1.5,00:34.658,4370,46,1,5,False,0,1227.604,-747.0,-965.0,643.0,2022,Monaco Grand Prix
23,49,MEDIUM,27.0,22.5,68.0,1003.2,False,29.8,211,1.5,00:34.735,4718,45,1,6,False,0,1228.563,-750.0,-961.0,643.0,2022,Monaco Grand Prix
23,49,MEDIUM,27.0,22.5,68.0,1003.2,False,29.8,211,1.5,00:34.975,5067,44,1,7,False,0,1231.464,-762.0,-935.0,641.0,2022,Monaco Grand Prix
23,49,MEDIUM,27.0,22.5,68.0,1003.2,False,29.8,211,1.5,00:35.098,5416,44,1,9,False,0,1232.982,-771.0,-918.0,639.0,2022,Monaco Grand Prix
23,49,MEDIUM,27.0,22.5,68.0,1003.2,False,29.8,211,1.5,00:35.316,5555,45,1,11,False,0,1235.764,-791.0,-889.0,637.0,2022,Monaco Grand Prix
23,49,MEDIUM,27.0,22.5,68.0,1003.2,False,29.8,211,1.5,00:35.338,5694,46,1,13,False,0,1236.049,-792.0,-886.0,636.0,2022,Monaco Grand Prix
23,49,MEDIUM,27.0,22.5,68.0,1003.2,False,29.8,211,1.5,00:35.538,5990,48,1,17,False,0,1238.715,-806.0,-868.0,634.0,2022,Monaco Grand Prix
23,49,MEDIUM,27.0,22.5,68.0,1003.2,False,29.8,211,1.5,00:35.756,6348,51,1,19,False,0,1242.142,-824.0,-848.0,632.0,2022,Monaco Grand Prix
23,49,MEDIUM,27.0,22.5,68.0,1003.2,False,29.8,211,1.5,00:35.836,6706,55,1,21,False,0,1243.506,-833.0,-838.0,631.0,2022,Monaco Grand Prix
23,49,MEDIUM,27.0,22.5,68.0,1003.2,False,29.8,211,1.5,00:35.938,7064,59,1,23,False,0,1245.271,-843.0,-825.0,628.0,2022,Monaco Grand Prix
23,49,MEDIUM,27.0,22.5,68.0,1003.2,False,29.8,211,1.5,00:36.016,7344,61,1,25,False,0,1246.639,-853.0,-816.0,627.0,2022,Monaco Grand Prix
23,49,MEDIUM,27.0,22.5,68.0,1003.2,False,29.8,211,1.5,00:36.276,7624,63,1,28,False,0,1251.356,-886.0,-782.0,623.0,2022,Monaco Grand Prix
23,49,MEDIUM,27.0,22.5,68.0,1003.2,False,29.8,211,1.5,00:36.298,7904,65,1,31,False,0,1251.771,-887.0,-780.0,622.0,2022,Monaco Grand Prix
23,49,MEDIUM,27.0,22.5,68.0,1003.2,False,29.8,211,1.5,00:36.459,7996,70,1,34,False,0,1254.901,-892.0,-775.0,622.0,2022,Monaco Grand Prix
23,49,MEDIUM,27.0,22.5,68.0,1003.2,False,29.8,211,1.5,00:36.476,8335,72,1,36,False,0,1255.245,-894.0,-774.0,622.0,2022,Monaco Grand Prix
23,49,MEDIUM,27.0,22.5,68.0,1003.2,False,29.8,211,1.5,00:36.676,8674,74,1,38,False,0,1259.464,-923.0,-744.0,618.0,2022,Monaco Grand Prix
23,49,MEDIUM,27.0,22.5,68.0,1003.2,False,29.8,211,1.5,00:36.739,9013,76,1,41,False,0,1260.812,-932.0,-733.0,616.0,2022,Monaco Grand Prix
23,49,MEDIUM,27.0,22.5,68.0,1003.2,False,29.8,211,1.5,00:37.716,8535,75,1,20,False,0,1281.255,-1028.0,-555.0,606.0,2022,Monaco Grand Prix
23,49,MEDIUM,27.0,22.5,68.0,1003.2,False,29.8,211,1.5,00:37.818,8057,75,1,0,True,0,1283.292,-1027.0,-533.0,605.0,2022,Monaco Grand Prix
23,49,MEDIUM,27.0,22.5,68.0,1003.2,False,29.8,211,1.5,00:37.936,8004,73,1,0,True,0,1285.619,-1025.0,-509.0,604.0,2022,Monaco Grand Prix
23,49,MEDIUM,27.0,22.5,68.0,1003.2,False,29.8,211,1.5,00:38.116,7951,71,1,0,True,0,1289.113,-1016.0,-475.0,600.0,2022,Monaco Grand Prix
23,49,MEDIUM,27.0,22.5,68.0,1003.2,False,29.8,211,1.5,00:38.258,7899,70,1,0,False,0,1291.847,-1004.0,-449.0,596.0,2022,Monaco Grand Prix
23,49,MEDIUM,27.0,22.5,68.0,1003.2,False,29.8,211,1.5,00:38.418,7651,69,1,0,False,0,1294.914,-987.0,-421.0,593.0,2022,Monaco Grand Prix
23,49,MEDIUM,27.0,22.5,68.0,1003.2,False,29.8,211,1.5,00:38.476,7735,69,1,3,False,0,1296.026,-980.0,-412.0,592.0,2022,Monaco Grand Prix
23,49,MEDIUM,27.0,22.5,68.0,1003.2,False,29.8,211,1.5,00:38.578,7820,69,1,6,False,0,1297.981,-964.0,-395.0,590.0,2022,Monaco Grand Prix
23,49,MEDIUM,27.0,22.5,68.0,1003.2,False,29.8,211,1.5,00:38.818,7977,69,1,11,False,0,1302.581,-924.0,-363.0,586.0,2022,Monaco Grand Prix
23,49,MEDIUM,27.0,22.5,68.0,1003.2,False,29.8,211,1.5,00:38.876,8196,70,1,17,False,0,1303.72,-916.0,-357.0,586.0,2022,Monaco Grand Prix
23,49,MEDIUM,27.0,22.5,68.0,1003.2,False,29.8,211,1.5,00:39.156,8415,71,1,23,False,0,1309.401,-880.0,-335.0,582.0,2022,Monaco Grand Prix
23,49,MEDIUM,27.0,22.5,68.0,1003.2,False,29.8,211,1.5,00:39.258,8634,73,1,30,False,0,1311.503,-861.0,-324.0,579.0,2022,Monaco Grand Prix
23,49,MEDIUM,27.0,22.5,68.0,1003.2,False,29.8,211,1.5,00:39.316,8561,74,1,32,False,0,1312.702,-849.0,-318.0,578.0,2022,Monaco Grand Prix
23,49,MEDIUM,27.0,22.5,68.0,1003.2,False,29.8,211,1.5,00:39.418,8489,75,1,34,False,0,1314.836,-820.0,-303.0,574.0,2022,Monaco Grand Prix
23,49,MEDIUM,27.0,22.5,68.0,1003.2,False,29.8,211,1.5,00:39.596,8955,77,1,38,False,0,1318.729,-766.0,-279.0,570.0,2022,Monaco Grand Prix
23,49,MEDIUM,27.0,22.5,68.0,1003.2,False,29.8,211,1.5,00:39.618,9421,79,1,42,False,0,1319.225,-760.0,-276.0,569.0,2022,Monaco Grand Prix
23,49,MEDIUM,27.0,22.5,68.0,1003.2,False,29.8,211,1.5,00:39.778,9714,83,1,46,False,0,1322.914,-733.0,-265.0,567.0,2022,Monaco Grand Prix
23,49,MEDIUM,27.0,22.5,68.0,1003.2,False,29.8,211,1.5,00:39.978,10281,86,1,47,False,0,1327.692,-709.0,-256.0,565.0,2022,Monaco Grand Prix
23,49,MEDIUM,27.0,22.5,68.0,1003.2,False,29.8,211,1.5,00:40.036,10035,89,1,44,False,0,1329.179,-698.0,-253.0,565.0,2022,Monaco Grand Prix
23,49,MEDIUM,27.0,22.5,68.0,1003.2,False,29.8,211,1.5,00:40.176,9790,92,1,42,False,0,1332.916,-664.0,-241.0,563.0,2022,Monaco Grand Prix
23,49,MEDIUM,27.0,22.5,68.0,1003.2,False,29.8,211,1.5,00:40.178,9545,95,1,40,False,0,1332.969,-663.0,-240.0,562.0,2022,Monaco Grand Prix
23,49,MEDIUM,27.0,22.5,68.0,1003.2,False,29.8,211,1.5,00:40.378,8345,96,2,0,True,0,1338.303,-603.0,-222.0,559.0,2022,Monaco Grand Prix
23,49,MEDIUM,27.0,22.5,68.0,1003.2,False,29.8,211,1.5,00:40.515,7880,93,2,0,True,0,1341.851,-563.0,-212.0,557.0,2022,Monaco Grand Prix
23,49,MEDIUM,27.0,22.5,68.0,1003.2,False,29.8,211,1.5,00:40.738,7415,91,2,0,True,0,1347.403,-508.0,-200.0,555.0,2022,Monaco Grand Prix
23,49,MEDIUM,27.0,22.5,68.0,1003.2,False,29.8,211,1.5,00:40.898,7272,86,2,0,True,0,1351.225,-475.0,-196.0,554.0,2022,Monaco Grand Prix
23,49,MEDIUM,27.0,22.5,68.0,1003.2,False,29.8,211,1.5,00:40.955,7140,85,2,0,True,0,1352.581,-464.0,-195.0,554.0,2022,Monaco Grand Prix
23,49,MEDIUM,27.0,22.5,68.0,1003.2,False,29.8,211,1.5,00:41.058,7009,85,2,0,True,0,1355.003,-443.0,-193.0,553.0,2022,Monaco Grand Prix
23,49,MEDIUM,27.0,22.5,68.0,1003.2,False,29.8,211,1.5,00:41.215,6797,82,2,0,True,0,1358.513,-413.0,-194.0,552.0,2022,Monaco Grand Prix
23,49,MEDIUM,27.0,22.5,68.0,1003.2,False,29.8,211,1.5,00:41.298,6586,80,2,0,True,0,1360.336,-395.0,-195.0,551.0,2022,Monaco Grand Prix
23,49,MEDIUM,27.0,22.5,68.0,1003.2,False,29.8,211,1.5,00:41.458,6539,79,2,0,False,0,1363.847,-361.0,-200.0,549.0,2022,Monaco Grand Prix
23,49,MEDIUM,27.0,22.5,68.0,1003.2,False,29.8,211,1.5,00:41.495,6486,78,2,0,False,0,1364.646,-354.0,-202.0,549.0,2022,Monaco Grand Prix
23,49,MEDIUM,27.0,22.5,68.0,1003.2,False,29.8,211,1.5,00:41.736,6434,77,2,0,False,0,1369.717,-310.0,-220.0,547.0,2022,Monaco Grand Prix
23,49,MEDIUM,27.0,22.5,68.0,1003.2,False,29.8,211,1.5,00:41.738,6382,76,2,0,False,0,1369.758,-309.0,-220.0,546.0,2022,Monaco Grand Prix
23,49,MEDIUM,27.0,22.5,68.0,1003.2,False,29.8,211,1.5,00:41.898,6310,74,2,1,False,0,1373.047,-284.0,-238.0,546.0,2022,Monaco Grand Prix
23,49,MEDIUM,27.0,22.5,68.0,1003.2,False,29.8,211,1.5,00:41.936,6320,74,2,3,False,0,1373.827,-279.0,-244.0,546.0,2022,Monaco Grand Prix
23,49,MEDIUM,27.0,22.5,68.0,1003.2,False,29.8,211,1.5,00:42.036,6330,74,2,5,False,0,1375.883,-266.0,-260.0,546.0,2022,Monaco Grand Prix
23,49,MEDIUM,27.0,22.5,68.0,1003.2,False,29.8,211,1.5,00:42.218,6341,74,2,7,False,0,1379.625,-246.0,-291.0,545.0,2022,Monaco Grand Prix
23,49,MEDIUM,27.0,22.5,68.0,1003.2,False,29.8,211,1.5,00:42.376,6494,74,2,8,False,0,1382.868,-234.0,-322.0,545.0,2022,Monaco Grand Prix
23,49,MEDIUM,27.0,22.5,68.0,1003.2,False,29.8,211,1.5,00:42.499,6648,74,2,9,False,0,1385.401,-226.0,-347.0,544.0,2022,Monaco Grand Prix
23,49,MEDIUM,27.0,22.5,68.0,1003.2,False,29.8,211,1.5,00:42.556,6710,74,2,13,False,0,1386.58,-224.0,-359.0,545.0,2022,Monaco Grand Prix
23,49,MEDIUM,27.0,22.5,68.0,1003.2,False,29.8,211,1.5,00:42.658,6773,75,2,17,False,0,1388.714,-219.0,-379.0,545.0,2022,Monaco Grand Prix
23,49,MEDIUM,27.0,22.5,68.0,1003.2,False,29.8,211,1.5,00:42.716,7013,77,2,20,False,0,1389.956,-218.0,-393.0,545.0,2022,Monaco Grand Prix
23,49,MEDIUM,27.0,22.5,68.0,1003.2,False,29.8,211,1.5,00:43.019,7254,80,2,24,False,0,1396.736,-211.0,-474.0,544.0,2022,Monaco Grand Prix
23,49,MEDIUM,27.0,22.5,68.0,1003.2,False,29.8,211,1.5,00:43.036,7336,82,2,31,False,0,1397.125,-211.0,-477.0,545.0,2022,Monaco Grand Prix
23,49,MEDIUM,27.0,22.5,68.0,1003.2,False,29.8,211,1.5,00:43.299,7419,84,2,39,False,0,1403.269,-210.0,-482.0,545.0,2022,Monaco Grand Prix
23,49,MEDIUM,27.0,22.5,68.0,1003.2,False,29.8,211,1.5,00:43.396,7546,86,2,41,False,0,1405.603,-210.0,-493.0,545.0,2022,Monaco Grand Prix
23,49,MEDIUM,27.0,22.5,68.0,1003.2,False,29.8,211,1.5,00:43.499,7673,88,2,44,False,0,1408.158,-209.0,-517.0,545.0,2022,Monaco Grand Prix
23,49,MEDIUM,27.0,22.5,68.0,1003.2,False,29.8,211,1.5,00:43.556,8078,91,2,48,False,0,1409.623,-210.0,-533.0,545.0,2022,Monaco Grand Prix
23,49,MEDIUM,27.0,22.5,68.0,1003.2,False,29.8,211,1.5,00:43.779,8484,95,2,53,False,0,1415.547,-211.0,-585.0,544.0,2022,Monaco Grand Prix
23,49,MEDIUM,27.0,22.5,68.0,1003.2,False,29.8,211,1.5,00:43.836,8737,95,2,55,False,0,1417.039,-212.0,-605.0,545.0,2022,Monaco Grand Prix
23,49,MEDIUM,27.0,22.5,68.0,1003.2,False,29.8,211,1.5,00:43.979,8990,95,2,58,False,0,1420.825,-215.0,-668.0,545.0,2022,Monaco Grand Prix
23,49,MEDIUM,27.0,22.5,68.0,1003.2,False,29.8,211,1.5,00:44.056,9426,101,2,60,False,0,1422.997,-217.0,-700.0,545.0,2022,Monaco Grand Prix
23,49,MEDIUM,27.0,22.5,68.0,1003.2,False,29.8,211,1.5,00:44.258,9863,107,2,62,False,0,1429.117,-220.0,-748.0,544.0,2022,Monaco Grand Prix
23,49,MEDIUM,27.0,22.5,68.0,1003.2,False,29.8,211,1.5,00:44.456,10371,113,2,63,False,0,1435.567,-224.0,-788.0,545.0,2022,Monaco Grand Prix
23,49,MEDIUM,27.0,22.5,68.0,1003.2,False,29.8,211,1.5,00:44.618,10879,120,2,64,False,0,1441.117,-228.0,-842.0,545.0,2022,Monaco Grand Prix
23,49,MEDIUM,27.0,22.5,68.0,1003.2,False,29.8,211,1.5,00:44.636,10554,123,2,64,False,0,1441.747,-229.0,-848.0,545.0,2022,Monaco Grand Prix
23,49,MEDIUM,27.0,22.5,68.0,1003.2,False,29.8,211,1.5,00:44.796,10229,126,2,64,False,0,1447.457,-234.0,-901.0,544.0,2022,Monaco Grand Prix
23,49,MEDIUM,27.0,22.5,68.0,1003.2,False,29.8,211,1.5,00:44.938,9905,130,2,65,False,0,1452.673,-239.0,-966.0,543.0,2022,Monaco Grand Prix
23,49,MEDIUM,27.0,22.5,68.0,1003.2,False,29.8,211,1.5,00:45.116,9918,133,2,66,False,0,1459.385,-247.0,-1052.0,543.0,2022,Monaco Grand Prix
23,49,MEDIUM,27.0,22.5,68.0,1003.2,False,29.8,211,1.5,00:45.138,9932,136,3,67,False,0,1460.228,-247.0,-1060.0,542.0,2022,Monaco Grand Prix
23,49,MEDIUM,27.0,22.5,68.0,1003.2,False,29.8,211,1.5,00:45.338,10268,141,3,67,False,0,1468.062,-252.0,-1119.0,542.0,2022,Monaco Grand Prix
23,49,MEDIUM,27.0,22.5,68.0,1003.2,False,29.8,211,1.5,00:45.476,9987,144,3,67,False,0,1473.718,-255.0,-1163.0,543.0,2022,Monaco Grand Prix
23,49,MEDIUM,27.0,22.5,68.0,1003.2,False,29.8,211,1.5,00:45.636,9707,148,3,67,False,0,1480.524,-258.0,-1230.0,543.0,2022,Monaco Grand Prix
23,49,MEDIUM,27.0,22.5,68.0,1003.2,False,29.8,211,1.5,00:45.738,9427,152,4,68,False,0,1484.951,-260.0,-1274.0,542.0,2022,Monaco Grand Prix
23,49,MEDIUM,27.0,22.5,68.0,1003.2,False,29.8,211,1.5,00:45.956,9619,155,4,64,False,0,1494.624,-265.0,-1367.0,543.0,2022,Monaco Grand Prix
23,49,MEDIUM,27.0,22.5,68.0,1003.2,False,29.8,211,1.5,00:46.116,9811,158,4,61,False,0,1501.843,-269.0,-1439.0,543.0,2022,Monaco Grand Prix
23,49,MEDIUM,27.0,22.5,68.0,1003.2,False,29.8,211,1.5,00:46.138,10003,161,4,58,False,0,1502.839,-270.0,-1452.0,542.0,2022,Monaco Grand Prix
23,49,MEDIUM,27.0,22.5,68.0,1003.2,False,29.8,211,1.5,00:46.356,10196,163,4,58,False,0,1512.774,-287.0,-1611.0,542.0,2022,Monaco Grand Prix
23,49,MEDIUM,27.0,22.5,68.0,1003.2,False,29.8,211,1.5,00:46.458,10389,165,4,59,False,0,1517.506,-293.0,-1663.0,541.0,2022,Monaco Grand Prix
23,49,MEDIUM,27.0,22.5,68.0,1003.2,False,29.8,211,1.5,00:46.816,10563,168,4,59,False,0,1534.609,-317.0,-1769.0,542.0,2022,Monaco Grand Prix
23,49,MEDIUM,27.0,22.5,68.0,1003.2,False,29.8,211,1.5,00:46.818,10737,172,4,60,False,0,1534.706,-317.0,-1769.0,542.0,2022,Monaco Grand Prix
23,49,MEDIUM,27.0,22.5,68.0,1003.2,False,29.8,211,1.5,00:47.098,9554,176,4,64,False,0,1548.395,-357.0,-1920.0,541.0,2022,Monaco Grand Prix
23,49,MEDIUM,27.0,22.5,68.0,1003.2,False,29.8,211,1.5,00:47.175,9755,179,4,68,False,0,1552.251,-368.0,-1958.0,542.0,2022,Monaco Grand Prix
23,49,MEDIUM,27.0,22.5,68.0,1003.2,False,29.8,211,1.5,00:47.378,9956,182,5,72,False,0,1562.551,-391.0,-2032.0,542.0,2022,Monaco Grand Prix
23,49,MEDIUM,27.0,22.5,68.0,1003.2,False,29.8,211,1.5,00:47.455,10017,182,5,72,False,0,1566.453,-402.0,-2063.0,542.0,2022,Monaco Grand Prix
23,49,MEDIUM,27.0,22.5,68.0,1003.2,False,29.8,211,1.5,00:47.538,10078,183,5,72,False,0,1570.684,-415.0,-2100.0,541.0,2022,Monaco Grand Prix
23,49,MEDIUM,27.0,22.5,68.0,1003.2,False,29.8,211,1.5,00:47.698,10162,187,5,72,False,0,1578.995,-445.0,-2186.0,541.0,2022,Monaco Grand Prix
23,49,MEDIUM,27.0,22.5,68.0,1003.2,False,29.8,211,1.5,00:47.835,10246,189,5,72,False,0,1586.244,-472.0,-2260.0,541.0,2022,Monaco Grand Prix
23,49,MEDIUM,27.0,22.5,68.0,1003.2,False,29.8,211,1.5,00:47.898,10330,191,5,72,False,0,1589.606,-483.0,-2291.0,540.0,2022,Monaco Grand Prix
23,49,MEDIUM,27.0,22.5,68.0,1003.2,False,29.8,211,1.5,00:48.098,10568,194,5,73,False,0,1600.384,-521.0,-2385.0,540.0,2022,Monaco Grand Prix
23,49,MEDIUM,27.0,22.5,68.0,1003.2,False,29.8,211,1.5,00:48.196,10667,196,5,73,False,0,1605.75,-539.0,-2430.0,541.0,2022,Monaco Grand Prix
23,49,MEDIUM,27.0,22.5,68.0,1003.2,False,29.8,211,1.5,00:48.298,10767,198,5,74,False,0,1611.384,-557.0,-2476.0,541.0,2022,Monaco Grand Prix
23,49,MEDIUM,27.0,22.5,68.0,1003.2,False,29.8,211,1.5,00:48.396,10302,199,5,72,False,0,1616.83,-581.0,-2532.0,541.0,2022,Monaco Grand Prix
23,49,MEDIUM,27.0,22.5,68.0,1003.2,False,29.8,211,1.5,00:48.538,9837,201,5,70,False,0,1624.784,-631.0,-2646.0,541.0,2022,Monaco Grand Prix
23,49,MEDIUM,27.0,22.5,68.0,1003.2,False,29.8,211,1.5,00:48.576,9778,202,5,68,False,0,1626.926,-644.0,-2676.0,541.0,2022,Monaco Grand Prix
23,49,MEDIUM,27.0,22.5,68.0,1003.2,False,29.8,211,1.5,00:48.738,9720,204,6,67,False,0,1636.117,-688.0,-2771.0,540.0,2022,Monaco Grand Prix
23,49,MEDIUM,27.0,22.5,68.0,1003.2,False,29.8,211,1.5,00:48.898,9750,206,6,62,False,0,1645.273,-717.0,-2827.0,540.0,2022,Monaco Grand Prix
23,49,MEDIUM,27.0,22.5,68.0,1003.2,False,29.8,211,1.5,00:49.076,9772,206,6,60,False,0,1655.495,-759.0,-2899.0,541.0,2022,Monaco Grand Prix
23,49,MEDIUM,27.0,22.5,68.0,1003.2,False,29.8,211,1.5,00:49.218,9794,207,6,58,False,0,1663.673,-803.0,-2970.0,541.0,2022,Monaco Grand Prix
23,49,MEDIUM,27.0,22.5,68.0,1003.2,False,29.8,211,1.5,00:49.356,9836,207,6,57,False,0,1671.644,-852.0,-3042.0,542.0,2022,Monaco Grand Prix
23,49,MEDIUM,27.0,22.5,68.0,1003.2,False,29.8,211,1.5,00:49.378,9879,208,6,57,False,0,1672.917,-859.0,-3052.0,542.0,2022,Monaco Grand Prix
23,49,MEDIUM,27.0,22.5,68.0,1003.2,False,29.8,211,1.5,00:49.579,9883,209,6,56,False,0,1684.586,-932.0,-3141.0,542.0,2022,Monaco Grand Prix
23,49,MEDIUM,27.0,22.5,68.0,1003.2,False,29.8,211,1.5,00:49.616,9900,209,6,55,False,0,1686.74,-947.0,-3157.0,542.0,2022,Monaco Grand Prix
23,49,MEDIUM,27.0,22.5,68.0,1003.2,False,29.8,211,1.5,00:49.816,9918,209,6,54,False,0,1698.402,-1029.0,-3240.0,542.0,2022,Monaco Grand Prix
23,49,MEDIUM,27.0,22.5,68.0,1003.2,False,29.8,211,1.5,00:49.899,9936,210,6,54,False,0,1703.253,-1065.0,-3272.0,542.0,2022,Monaco Grand Prix
23,49,MEDIUM,27.0,22.5,68.0,1003.2,False,29.8,211,1.5,00:50.076,9959,210,6,56,False,0,1713.618,-1146.0,-3336.0,542.0,2022,Monaco Grand Prix
23,49,MEDIUM,27.0,22.5,68.0,1003.2,False,29.8,211,1.5,00:50.236,9982,210,6,58,False,0,1723.003,-1218.0,-3386.0,542.0,2022,Monaco Grand Prix
23,49,MEDIUM,27.0,22.5,68.0,1003.2,False,29.8,211,1.5,00:50.259,10006,211,6,61,False,0,1724.353,-1229.0,-3393.0,542.0,2022,Monaco Grand Prix
23,49,MEDIUM,27.0,22.5,68.0,1003.2,False,29.8,211,1.5,00:50.396,10052,211,6,62,False,0,1732.395,-1305.0,-3437.0,542.0,2022,Monaco Grand Prix
23,49,MEDIUM,27.0,22.5,68.0,1003.2,False,29.8,211,1.5,00:50.539,10098,212,6,64,False,0,1740.842,-1382.0,-3478.0,541.0,2022,Monaco Grand Prix
23,49,MEDIUM,27.0,22.5,68.0,1003.2,False,29.8,211,1.5,00:50.636,10139,213,6,66,False,0,1746.632,-1432.0,-3503.0,541.0,2022,Monaco Grand Prix
23,49,MEDIUM,27.0,22.5,68.0,1003.2,False,29.8,211,1.5,00:50.836,10180,215,6,68,False,0,1758.706,-1535.0,-3551.0,541.0,2022,Monaco Grand Prix
23,49,MEDIUM,27.0,22.5,68.0,1003.2,False,29.8,211,1.5,00:50.978,10221,217,6,71,False,0,1767.304,-1640.0,-3601.0,540.0,2022,Monaco Grand Prix
23,49,MEDIUM,27.0,22.5,68.0,1003.2,False,29.8,211,1.5,00:51.196,10398,218,6,72,False,0,1780.511,-1808.0,-3683.0,540.0,2022,Monaco Grand Prix
23,49,MEDIUM,27.0,22.5,68.0,1003.2,False,29.8,211,1.5,00:51.298,10576,219,6,74,False,0,1786.771,-1856.0,-3707.0,540.0,2022,Monaco Grand Prix
23,49,MEDIUM,27.0,22.5,68.0,1003.2,False,29.8,211,1.5,00:51.556,10634,222,6,76,False,0,1802.951,-1936.0,-3748.0,541.0,2022,Monaco Grand Prix
23,49,MEDIUM,27.0,22.5,68.0,1003.2,False,29.8,211,1.5,00:51.578,10692,226,6,78,False,0,1804.348,-1944.0,-3752.0,541.0,2022,Monaco Grand Prix
23,49,MEDIUM,27.0,22.5,68.0,1003.2,False,29.8,211,1.5,00:52.216,10898,229,6,77,False,0,1845.641,-2309.0,-3935.0,541.0,2022,Monaco Grand Prix
23,49,MEDIUM,27.0,22.5,68.0,1003.2,False,29.8,211,1.5,00:52.218,11104,233,6,76,False,0,1845.771,-2310.0,-3935.0,541.0,2022,Monaco Grand Prix
23,49,MEDIUM,27.0,22.5,68.0,1003.2,False,29.8,211,1.5,00:52.458,10998,234,6,59,False,0,1861.371,-2462.0,-4006.0,541.0,2022,Monaco Grand Prix
23,49,MEDIUM,27.0,22.5,68.0,1003.2,False,29.8,211,1.5,00:52.536,11005,234,6,58,False,0,1866.442,-2511.0,-4028.0,542.0,2022,Monaco Grand Prix
23,49,MEDIUM,27.0,22.5,68.0,1003.2,False,29.8,211,1.5,00:52.696,11012,234,6,58,False,0,1876.844,-2607.0,-4068.0,542.0,2022,Monaco Grand Prix
23,49,MEDIUM,27.0,22.5,68.0,1003.2,False,29.8,211,1.5,00:52.738,11019,234,6,58,False,0,1879.571,-2632.0,-4078.0,542.0,2022,Monaco Grand Prix
23,49,MEDIUM,27.0,22.5,68.0,1003.2,False,29.8,211,1.5,00:52.916,10960,233,6,54,False,0,1891.102,-2739.0,-4121.0,543.0,2022,Monaco Grand Prix
23,49,MEDIUM,27.0,22.5,68.0,1003.2,False,29.8,211,1.5,00:52.978,10901,233,6,51,False,0,1895.104,-2776.0,-4134.0,543.0,2022,Monaco Grand Prix
23,49,MEDIUM,27.0,22.5,68.0,1003.2,False,29.8,211,1.5,00:53.176,10715,231,6,25,False,0,1907.799,-2897.0,-4176.0,542.0,2022,Monaco Grand Prix
23,49,MEDIUM,27.0,22.5,68.0,1003.2,False,29.8,211,1.5,00:53.258,10529,229,6,0,True,0,1912.915,-2946.0,-4191.0,541.0,2022,Monaco Grand Prix
23,49,MEDIUM,27.0,22.5,68.0,1003.2,False,29.8,211,1.5,00:53.336,10237,223,6,0,True,0,1917.671,-2993.0,-4206.0,541.0,2022,Monaco Grand Prix
23,49,MEDIUM,27.0,22.5,68.0,1003.2,False,29.8,211,1.5,00:53.436,9946,218,6,0,True,0,1923.613,-3052.0,-4223.0,541.0,2022,Monaco Grand Prix
23,49,MEDIUM,27.0,22.5,68.0,1003.2,False,29.8,211,1.5,00:53.578,9655,213,6,0,True,0,1931.848,-3124.0,-4242.0,539.0,2022,Monaco Grand Prix
23,49,MEDIUM,27.0,22.5,68.0,1003.2,False,29.8,211,1.5,00:53.778,10416,202,6,0,True,0,1943.071,-3228.0,-4266.0,535.0,2022,Monaco Grand Prix
23,49,MEDIUM,27.0,22.5,68.0,1003.2,False,29.8,211,1.5,00:53.795,10093,196,6,0,True,0,1943.992,-3239.0,-4269.0,535.0,2022,Monaco Grand Prix
23,49,MEDIUM,27.0,22.5,68.0,1003.2,False,29.8,211,1.5,00:54.015,9770,190,6,0,True,0,1955.428,-3391.0,-4298.0,529.0,2022,Monaco Grand Prix
23,49,MEDIUM,27.0,22.5,68.0,1003.2,False,29.8,211,1.5,00:54.138,9447,185,5,0,True,0,1961.571,-3449.0,-4307.0,526.0,2022,Monaco Grand Prix
23,49,MEDIUM,27.0,22.5,68.0,1003.2,False,29.8,211,1.5,00:54.315,9905,179,5,0,True,0,1970.195,-3513.0,-4316.0,524.0,2022,Monaco Grand Prix
23,49,MEDIUM,27.0,22.5,68.0,1003.2,False,29.8,211,1.5,00:54.378,10363,174,4,0,True,0,1973.171,-3540.0,-4319.0,522.0,2022,Monaco Grand Prix
23,49,MEDIUM,27.0,22.5,68.0,1003.2,False,29.8,211,1.5,00:54.618,9648,162,4,0,True,0,1983.971,-3656.0,-4332.0,515.0,2022,Monaco Grand Prix
23,49,MEDIUM,27.0,22.5,68.0,1003.2,False,29.8,211,1.5,00:54.655,9713,157,4,0,True,0,1985.564,-3673.0,-4334.0,515.0,2022,Monaco Grand Prix
23,49,MEDIUM,27.0,22.5,68.0,1003.2,False,29.8,211,1.5,00:54.816,9779,152,4,0,True,0,1992.277,-3740.0,-4341.0,512.0,2022,Monaco Grand Prix
23,49,MEDIUM,27.0,22.5,68.0,1003.2,False,29.8,211,1.5,00:54.938,9845,148,3,0,True,0,1997.126,-3788.0,-4345.0,509.0,2022,Monaco Grand Prix
23,49,MEDIUM,27.0,22.5,68.0,1003.2,False,29.8,211,1.5,00:54.996,9478,140,3,0,True,0,1999.36,-3811.0,-4348.0,508.0,2022,Monaco Grand Prix
23,49,MEDIUM,27.0,22.5,68.0,1003.2,False,29.8,211,1.5,00:55.218,9112,133,3,0,True,0,2007.471,-3892.0,-4356.0,504.0,2022,Monaco Grand Prix
23,49,MEDIUM,27.0,22.5,68.0,1003.2,False,29.8,211,1.5,00:55.316,8944,128,3,0,True,0,2010.817,-3927.0,-4361.0,503.0,2022,Monaco Grand Prix
23,49,MEDIUM,27.0,22.5,68.0,1003.2,False,29.8,211,1.5,00:55.456,8776,123,3,0,True,0,2015.386,-3974.0,-4367.0,501.0,2022,Monaco Grand Prix
23,49,MEDIUM,27.0,22.5,68.0,1003.2,False,29.8,211,1.5,00:55.498,8609,119,3,0,True,0,2016.726,-3987.0,-4369.0,500.0,2022,Monaco Grand Prix
23,49,MEDIUM,27.0,22.5,68.0,1003.2,False,29.8,211,1.5,00:55.698,8992,111,3,0,True,0,2022.893,-4046.0,-4380.0,498.0,2022,Monaco Grand Prix
23,49,MEDIUM,27.0,22.5,68.0,1003.2,False,29.8,211,1.5,00:55.716,8627,106,3,0,True,0,2023.421,-4051.0,-4381.0,498.0,2022,Monaco Grand Prix
23,49,MEDIUM,27.0,22.5,68.0,1003.2,False,29.8,211,1.5,00:55.916,8262,101,3,0,True,0,2028.956,-4100.0,-4397.0,496.0,2022,Monaco Grand Prix
23,49,MEDIUM,27.0,22.5,68.0,1003.2,False,29.8,211,1.5,00:56.058,7897,97,2,0,True,0,2032.593,-4148.0,-4431.0,492.0,2022,Monaco Grand Prix
23,49,MEDIUM,27.0,22.5,68.0,1003.2,False,29.8,211,1.5,00:56.076,7438,90,2,0,True,0,2033.039,-4154.0,-4435.0,492.0,2022,Monaco Grand Prix
23,49,MEDIUM,27.0,22.5,68.0,1003.2,False,29.8,211,1.5,00:56.379,6980,84,2,0,True,0,2040.083,-4180.0,-4471.0,492.0,2022,Monaco Grand Prix
23,49,MEDIUM,27.0,22.5,68.0,1003.2,False,29.8,211,1.5,00:56.416,6784,80,2,0,True,0,2040.884,-4183.0,-4477.0,493.0,2022,Monaco Grand Prix
23,49,MEDIUM,27.0,22.5,68.0,1003.2,False,29.8,211,1.5,00:56.656,6588,77,2,0,True,0,2045.811,-4210.0,-4527.0,491.0,2022,Monaco Grand Prix
23,49,MEDIUM,27.0,22.5,68.0,1003.2,False,29.8,211,1.5,00:56.699,6392,74,2,0,True,0,2046.661,-4214.0,-4535.0,490.0,2022,Monaco Grand Prix
23,49,MEDIUM,27.0,22.5,68.0,1003.2,False,29.8,211,1.5,00:56.836,5924,71,2,0,True,0,2049.314,-4229.0,-4560.0,491.0,2022,Monaco Grand Prix
23,49,MEDIUM,27.0,22.5,68.0,1003.2,False,29.8,211,1.5,00:56.939,5457,68,2,0,True,0,2051.194,-4239.0,-4575.0,490.0,2022,Monaco Grand Prix
23,49,MEDIUM,27.0,22.5,68.0,1003.2,False,29.8,211,1.5,00:57.096,5120,63,2,0,True,0,2053.789,-4258.0,-4596.0,490.0,2022,Monaco Grand Prix
23,49,MEDIUM,27.0,22.5,68.0,1003.2,False,29.8,211,1.5,00:57.336,4783,59,2,0,True,0,2057.308,-4287.0,-4619.0,490.0,2022,Monaco Grand Prix
23,49,MEDIUM,27.0,22.5,68.0,1003.2,False,29.8,211,1.5,00:57.419,4446,55,2,0,True,0,2058.527,-4292.0,-4621.0,490.0,2022,Monaco Grand Prix
23,49,MEDIUM,27.0,22.5,68.0,1003.2,False,29.8,211,1.5,00:57.576,4321,54,2,0,True,0,2060.85,-4300.0,-4621.0,490.0,2022,Monaco Grand Prix
23,49,MEDIUM,27.0,22.5,68.0,1003.2,False,29.8,211,1.5,00:57.618,4197,53,2,0,True,0,2061.457,-4303.0,-4621.0,489.0,2022,Monaco Grand Prix
23,49,MEDIUM,27.0,22.5,68.0,1003.2,False,29.8,211,1.5,00:57.938,3892,49,2,0,True,0,2065.812,-4340.0,-4638.0,489.0,2022,Monaco Grand Prix
23,49,MEDIUM,27.0,22.5,68.0,1003.2,False,29.8,211,1.5,00:58.036,3881,48,2,0,True,0,2067.099,-4353.0,-4643.0,490.0,2022,Monaco Grand Prix
23,49,MEDIUM,27.0,22.5,68.0,1003.2,False,29.8,211,1.5,00:58.098,3870,47,2,0,False,0,2067.901,-4360.0,-4645.0,490.0,2022,Monaco Grand Prix
23,49,MEDIUM,27.0,22.5,68.0,1003.2,False,29.8,211,1.5,00:58.456,3858,46,2,0,False,0,2072.376,-4403.0,-4649.0,490.0,2022,Monaco Grand Prix
23,49,MEDIUM,27.0,22.5,68.0,1003.2,False,29.8,211,1.5,00:58.458,3847,45,2,0,False,0,2072.401,-4403.0,-4649.0,489.0,2022,Monaco Grand Prix
23,49,MEDIUM,27.0,22.5,68.0,1003.2,False,29.8,211,1.5,00:58.658,3823,45,2,1,False,0,2074.901,-4420.0,-4649.0,489.0,2022,Monaco Grand Prix
23,49,MEDIUM,27.0,22.5,68.0,1003.2,False,29.8,211,1.5,00:58.756,3940,45,2,5,False,0,2076.096,-4431.0,-4649.0,490.0,2022,Monaco Grand Prix
23,49,MEDIUM,27.0,22.5,68.0,1003.2,False,29.8,211,1.5,00:58.916,4057,45,2,10,False,0,2078.016,-4453.0,-4647.0,490.0,2022,Monaco Grand Prix
23,49,MEDIUM,27.0,22.5,68.0,1003.2,False,29.8,211,1.5,00:59.058,4174,45,2,15,False,0,2079.901,-4478.0,-4642.0,489.0,2022,Monaco Grand Prix
23,49,MEDIUM,27.0,22.5,68.0,1003.2,False,29.8,211,1.5,00:59.316,4641,51,2,17,False,0,2083.912,-4525.0,-4634.0,490.0,2022,Monaco Grand Prix
23,49,MEDIUM,27.0,22.5,68.0,1003.2,False,29.8,211,1.5,00:59.498,5108,58,2,19,False,0,2086.99,-4539.0,-4630.0,490.0,2022,Monaco Grand Prix
23,49,MEDIUM,27.0,22.5,68.0,1003.2,False,29.8,211,1.5,00:59.616,5268,59,2,16,False,0,2089.027,-4552.0,-4628.0,490.0,2022,Monaco Grand Prix
23,49,MEDIUM,27.0,22.5,68.0,1003.2,False,29.8,211,1.5,00:59.816,5428,61,2,14,False,0,2092.54,-4587.0,-4619.0,490.0,2022,Monaco Grand Prix
23,49,MEDIUM,27.0,22.5,68.0,1003.2,False,29.8,211,1.5,00:59.898,5589,63,2,12,False,0,2093.99,-4601.0,-4615.0,490.0,2022,Monaco Grand Prix
23,49,MEDIUM,27.0,22.5,68.0,1003.2,False,29.8,211,1.5,01:00.075,5578,63,2,6,False,0,2097.134,-4632.0,-4609.0,490.0,2022,Monaco Grand Prix
23,49,MEDIUM,27.0,22.5,68.0,1003.2,False,29.8,211,1.5,01:00.138,5568,64,2,0,False,0,2098.257,-4642.0,-4607.0,489.0,2022,Monaco Grand Prix
23,49,MEDIUM,27.0,22.5,68.0,1003.2,False,29.8,211,1.5,01:00.255,5438,64,2,0,False,0,2100.348,-4663.0,-4604.0,490.0,2022,Monaco Grand Prix
23,49,MEDIUM,27.0,22.5,68.0,1003.2,False,29.8,211,1.5,01:00.338,5309,64,2,0,False,0,2101.812,-4677.0,-4602.0,490.0,2022,Monaco Grand Prix
23,49,MEDIUM,27.0,22.5,68.0,1003.2,False,29.8,211,1.5,01:00.455,5414,63,2,1,False,0,2103.827,-4697.0,-4601.0,490.0,2022,Monaco Grand Prix
23,49,MEDIUM,27.0,22.5,68.0,1003.2,False,29.8,211,1.5,01:00.615,5519,62,2,3,False,0,2106.508,-4723.0,-4600.0,490.0,2022,Monaco Grand Prix
23,49,MEDIUM,27.0,22.5,68.0,1003.2,False,29.8,211,1.5,01:00.738,5624,61,2,5,False,0,2108.59,-4771.0,-4601.0,490.0,2022,Monaco Grand Prix
23,49,MEDIUM,27.0,22.5,68.0,1003.2,False,29.8,211,1.5,01:00.835,5482,61,2,5,False,0,2110.257,-4814.0,-4604.0,490.0,2022,Monaco Grand Prix
23,49,MEDIUM,27.0,22.5,68.0,1003.2,False,29.8,211,1.5,01:00.938,5341,62,2,6,False,0,2112.035,-4849.0,-4607.0,489.0,2022,Monaco Grand Prix
23,49,MEDIUM,27.0,22.5,68.0,1003.2,False,29.8,211,1.5,01:01.138,5404,62,2,7,False,0,2115.479,-4895.0,-4616.0,489.0,2022,Monaco Grand Prix
23,49,MEDIUM,27.0,22.5,68.0,1003.2,False,29.8,211,1.5,01:01.155,5462,62,2,7,False,0,2115.774,-4899.0,-4617.0,489.0,2022,Monaco Grand Prix
23,49,MEDIUM,27.0,22.5,68.0,1003.2,False,29.8,211,1.5,01:01.338,5520,63,2,7,False,0,2118.979,-4931.0,-4621.0,488.0,2022,Monaco Grand Prix
23,49,MEDIUM,27.0,22.5,68.0,1003.2,False,29.8,211,1.5,01:01.356,5587,63,2,7,False,0,2119.297,-4935.0,-4622.0,489.0,2022,Monaco Grand Prix
23,49,MEDIUM,27.0,22.5,68.0,1003.2,False,29.8,211,1.5,01:01.498,5655,64,2,7,False,0,2121.824,-4964.0,-4626.0,489.0,2022,Monaco Grand Prix
23,49,MEDIUM,27.0,22.5,68.0,1003.2,False,29.8,211,1.5,01:01.616,5748,65,2,9,False,0,2123.989,-4988.0,-4631.0,489.0,2022,Monaco Grand Prix
23,49,MEDIUM,27.0,22.5,68.0,1003.2,False,29.8,211,1.5,01:01.778,5842,67,2,11,False,0,2127.035,-5014.0,-4635.0,488.0,2022,Monaco Grand Prix
23,49,MEDIUM,27.0,22.5,68.0,1003.2,False,29.8,211,1.5,01:01.916,6009,68,2,13,False,0,2129.663,-5036.0,-4638.0,489.0,2022,Monaco Grand Prix
23,49,MEDIUM,27.0,22.5,68.0,1003.2,False,29.8,211,1.5,01:01.978,6176,69,2,16,False,0,2130.868,-5046.0,-4639.0,489.0,2022,Monaco Grand Prix
23,49,MEDIUM,27.0,22.5,68.0,1003.2,False,29.8,211,1.5,01:02.196,6358,71,2,18,False,0,2135.274,-5089.0,-4645.0,489.0,2022,Monaco Grand Prix
23,49,MEDIUM,27.0,22.5,68.0,1003.2,False,29.8,211,1.5,01:02.218,6541,73,2,21,False,0,2135.735,-5093.0,-4645.0,489.0,2022,Monaco Grand Prix
23,49,MEDIUM,27.0,22.5,68.0,1003.2,False,29.8,211,1.5,01:02.378,6654,77,2,26,False,0,2139.157,-5129.0,-4651.0,489.0,2022,Monaco Grand Prix
23,49,MEDIUM,27.0,22.5,68.0,1003.2,False,29.8,211,1.5,01:02.396,6840,77,2,29,False,0,2139.544,-5133.0,-4652.0,489.0,2022,Monaco Grand Prix
23,49,MEDIUM,27.0,22.5,68.0,1003.2,False,29.8,211,1.5,01:02.578,7026,78,2,32,False,0,2143.49,-5170.0,-4657.0,488.0,2022,Monaco Grand Prix
23,49,MEDIUM,27.0,22.5,68.0,1003.2,False,29.8,211,1.5,01:02.656,7299,80,2,36,False,0,2145.228,-5190.0,-4660.0,489.0,2022,Monaco Grand Prix
23,49,MEDIUM,27.0,22.5,68.0,1003.2,False,29.8,211,1.5,01:02.819,7573,82,2,40,False,0,2148.98,-5239.0,-4666.0,489.0,2022,Monaco Grand Prix
23,49,MEDIUM,27.0,22.5,68.0,1003.2,False,29.8,211,1.5,01:02.896,7652,85,2,41,False,0,2150.823,-5261.0,-4669.0,489.0,2022,Monaco Grand Prix
23,49,MEDIUM,27.0,22.5,68.0,1003.2,False,29.8,211,1.5,01:03.019,7732,88,2,42,False,0,2153.869,-5289.0,-4672.0,488.0,2022,Monaco Grand Prix
23,49,MEDIUM,27.0,22.5,68.0,1003.2,False,29.8,211,1.5,01:03.216,8123,91,2,47,False,0,2159.0,-5326.0,-4678.0,489.0,2022,Monaco Grand Prix
23,49,MEDIUM,27.0,22.5,68.0,1003.2,False,29.8,211,1.5,01:03.259,8515,94,2,53,False,0,2160.135,-5334.0,-4679.0,489.0,2022,Monaco Grand Prix
23,49,MEDIUM,27.0,22.5,68.0,1003.2,False,29.8,211,1.5,01:03.459,8959,97,2,56,False,0,2165.524,-5384.0,-4686.0,490.0,2022,Monaco Grand Prix
23,49,MEDIUM,27.0,22.5,68.0,1003.2,False,29.8,211,1.5,01:03.516,9274,101,2,58,False,0,2167.177,-5408.0,-4689.0,490.0,2022,Monaco Grand Prix
23,49,MEDIUM,27.0,22.5,68.0,1003.2,False,29.8,211,1.5,01:03.676,9589,105,2,60,False,0,2172.077,-5492.0,-4699.0,489.0,2022,Monaco Grand Prix
23,49,MEDIUM,27.0,22.5,68.0,1003.2,False,29.8,211,1.5,01:03.699,9905,109,2,62,False,0,2172.791,-5502.0,-4700.0,488.0,2022,Monaco Grand Prix
23,49,MEDIUM,27.0,22.5,68.0,1003.2,False,29.8,211,1.5,01:03.859,10273,113,2,63,False,0,2177.813,-5548.0,-4706.0,488.0,2022,Monaco Grand Prix
23,49,MEDIUM,27.0,22.5,68.0,1003.2,False,29.8,211,1.5,01:04.019,10714,119,2,62,False,0,2183.102,-5569.0,-4709.0,489.0,2022,Monaco Grand Prix
23,49,MEDIUM,27.0,22.5,68.0,1003.2,False,29.8,211,1.5,01:04.156,10463,122,2,60,False,0,2187.845,-5611.0,-4714.0,490.0,2022,Monaco Grand Prix
23,49,MEDIUM,27.0,22.5,68.0,1003.2,False,29.8,211,1.5,01:04.259,10213,126,2,58,True,0,2191.502,-5658.0,-4719.0,490.0,2022,Monaco Grand Prix
23,49,MEDIUM,27.0,22.5,68.0,1003.2,False,29.8,211,1.5,01:04.336,9539,127,2,29,True,0,2194.27,-5693.0,-4723.0,490.0,2022,Monaco Grand Prix
23,49,MEDIUM,27.0,22.5,68.0,1003.2,False,29.8,211,1.5,01:04.458,8865,129,3,0,True,0,2198.633,-5730.0,-4727.0,489.0,2022,Monaco Grand Prix
23,49,MEDIUM,27.0,22.5,68.0,1003.2,False,29.8,211,1.5,01:04.616,8508,125,3,0,True,0,2204.03,-5771.0,-4732.0,489.0,2022,Monaco Grand Prix
23,49,MEDIUM,27.0,22.5,68.0,1003.2,False,29.8,211,1.5,01:04.658,8151,122,3,0,True,0,2205.411,-5786.0,-4733.0,489.0,2022,Monaco Grand Prix
23,49,MEDIUM,27.0,22.5,68.0,1003.2,False,29.8,211,1.5,01:04.818,8700,113,3,0,True,0,2210.433,-5857.0,-4741.0,489.0,2022,Monaco Grand Prix
23,49,MEDIUM,27.0,22.5,68.0,1003.2,False,29.8,211,1.5,01:04.916,8403,106,3,0,True,0,2213.284,-5897.0,-4746.0,490.0,2022,Monaco Grand Prix
23,49,MEDIUM,27.0,22.5,68.0,1003.2,False,29.8,211,1.5,01:05.138,8106,99,2,0,True,0,2219.233,-5957.0,-4752.0,490.0,2022,Monaco Grand Prix
23,49,MEDIUM,27.0,22.5,68.0,1003.2,False,29.8,211,1.5,01:05.338,7347,90,2,0,True,0,2224.233,-5997.0,-4755.0,490.0,2022,Monaco Grand Prix
23,49,MEDIUM,27.0,22.5,68.0,1003.2,False,29.8,211,1.5,01:05.356,7616,84,2,0,True,0,2224.654,-6001.0,-4756.0,490.0,2022,Monaco Grand Prix
23,49,MEDIUM,27.0,22.5,68.0,1003.2,False,29.8,211,1.5,01:05.578,7886,78,2,0,True,0,2229.433,-6050.0,-4760.0,490.0,2022,Monaco Grand Prix
23,49,MEDIUM,27.0,22.5,68.0,1003.2,False,29.8,211,1.5,01:05.736,7439,72,2,0,True,0,2232.459,-6082.0,-4764.0,490.0,2022,Monaco Grand Prix
23,49,MEDIUM,27.0,22.5,68.0,1003.2,False,29.8,211,1.5,01:05.938,6993,66,1,0,True,0,2236.033,-6111.0,-4766.0,489.0,2022,Monaco Grand Prix
23,49,MEDIUM,27.0,22.5,68.0,1003.2,False,29.8,211,1.5,01:06.256,6409,62,1,0,True,0,2241.248,-6147.0,-4770.0,489.0,2022,Monaco Grand Prix
23,49,MEDIUM,27.0,22.5,68.0,1003.2,False,29.8,211,1.5,01:06.258,5825,59,1,0,True,0,2241.277,-6147.0,-4770.0,489.0,2022,Monaco Grand Prix
23,49,MEDIUM,27.0,22.5,68.0,1003.2,False,29.8,211,1.5,01:06.418,5309,49,1,0,True,0,2243.455,-6168.0,-4771.0,489.0,2022,Monaco Grand Prix
23,49,MEDIUM,27.0,22.5,68.0,1003.2,False,29.8,211,1.5,01:06.456,4960,43,1,0,True,0,2243.936,-6174.0,-4772.0,490.0,2022,Monaco Grand Prix
23,49,MEDIUM,27.0,22.5,68.0,1003.2,False,29.8,211,1.5,01:06.576,4611,38,1,0,True,0,2245.371,-6189.0,-4773.0,490.0,2022,Monaco Grand Prix
23,49,MEDIUM,27.0,22.5,68.0,1003.2,False,29.8,211,1.5,01:07.658,4263,33,1,1,False,0,2254.822,-6297.0,-4780.0,490.0,2022,Monaco Grand Prix
23,49,MEDIUM,27.0,22.5,68.0,1003.2,False,29.8,211,1.5,01:07.755,4241,33,1,0,False,0,2255.711,-6306.0,-4781.0,490.0,2022,Monaco Grand Prix
23,49,MEDIUM,27.0,22.5,68.0,1003.2,False,29.8,211,1.5,01:07.898,4220,33,1,0,True,0,2257.022,-6318.0,-4781.0,489.0,2022,Monaco Grand Prix
23,49,MEDIUM,27.0,22.5,68.0,1003.2,False,29.8,211,1.5,01:07.916,4203,32,1,0,True,0,2257.182,-6320.0,-4782.0,489.0,2022,Monaco Grand Prix
23,49,MEDIUM,27.0,22.5,68.0,1003.2,False,29.8,211,1.5,01:08.076,4186,31,1,0,True,0,2258.559,-6334.0,-4783.0,489.0,2022,Monaco Grand Prix
23,49,MEDIUM,27.0,22.5,68.0,1003.2,False,29.8,211,1.5,01:08.098,4170,31,1,0,True,0,2258.744,-6335.0,-4783.0,489.0,2022,Monaco Grand Prix
23,49,MEDIUM,27.0,22.5,68.0,1003.2,False,29.8,211,1.5,01:08.338,4019,29,1,0,True,0,2260.677,-6355.0,-4783.0,489.0,2022,Monaco Grand Prix
23,49,MEDIUM,27.0,22.5,68.0,1003.2,False,29.8,211,1.5,01:08.356,4010,27,1,0,True,0,2260.812,-6357.0,-4784.0,489.0,2022,Monaco Grand Prix
23,49,MEDIUM,27.0,22.5,68.0,1003.2,False,29.8,211,1.5,01:08.516,4001,26,1,0,True,0,2261.936,-6368.0,-4785.0,489.0,2022,Monaco Grand Prix
23,49,MEDIUM,27.0,22.5,68.0,1003.2,False,29.8,211,1.5,01:08.578,3993,25,1,0,True,0,2262.344,-6372.0,-4785.0,489.0,2022,Monaco Grand Prix
23,49,MEDIUM,27.0,22.5,68.0,1003.2,False,29.8,211,1.5,01:08.716,4080,23,1,0,True,0,2263.202,-6382.0,-4786.0,489.0,2022,Monaco Grand Prix
23,49,MEDIUM,27.0,22.5,68.0,1003.2,False,29.8,211,1.5,01:08.898,4167,22,1,0,True,0,2264.299,-6396.0,-4787.0,488.0,2022,Monaco Grand Prix
23,49,MEDIUM,27.0,22.5,68.0,1003.2,False,29.8,211,1.5,01:09.058,3555,22,1,0,True,0,2265.277,-6408.0,-4787.0,488.0,2022,Monaco Grand Prix
23,49,MEDIUM,27.0,22.5,68.0,1003.2,False,29.8,211,1.5,01:09.096,3682,20,1,0,True,0,2265.482,-6410.0,-4788.0,489.0,2022,Monaco Grand Prix
23,49,MEDIUM,27.0,22.5,68.0,1003.2,False,29.8,211,1.5,01:09.218,3809,18,1,0,True,0,2266.077,-6413.0,-4788.0,489.0,2022,Monaco Grand Prix
23,49,MEDIUM,27.0,22.5,68.0,1003.2,False,29.8,211,1.5,01:09.376,3999,17,1,0,True,0,2266.828,-6417.0,-4788.0,489.0,2022,Monaco Grand Prix
23,49,MEDIUM,27.0,22.5,68.0,1003.2,False,29.8,211,1.5,01:09.419,4189,17,1,0,True,0,2267.026,-6418.0,-4788.0,488.0,2022,Monaco Grand Prix
23,49,MEDIUM,27.0,22.5,68.0,1003.2,False,29.8,211,1.5,01:09.616,4287,16,1,0,True,0,2267.903,-6428.0,-4789.0,489.0,2022,Monaco Grand Prix
23,49,MEDIUM,27.0,22.5,68.0,1003.2,False,29.8,211,1.5,01:09.659,4386,16,1,0,False,0,2268.093,-6430.0,-4789.0,489.0,2022,Monaco Grand Prix
23,49,MEDIUM,27.0,22.5,68.0,1003.2,False,29.8,211,1.5,01:09.936,4394,16,1,0,False,0,2269.325,-6444.0,-4790.0,490.0,2022,Monaco Grand Prix
23,49,MEDIUM,27.0,22.5,68.0,1003.2,False,29.8,211,1.5,01:09.939,4402,16,1,0,False,0,2269.337,-6444.0,-4790.0,490.0,2022,Monaco Grand Prix
23,49,MEDIUM,27.0,22.5,68.0,1003.2,False,29.8,211,1.5,01:10.259,4234,15,1,0,False,0,2270.671,-6457.0,-4790.0,490.0,2022,Monaco Grand Prix
23,49,MEDIUM,27.0,22.5,68.0,1003.2,False,29.8,211,1.5,01:10.356,4275,15,1,0,False,0,2271.075,-6461.0,-4791.0,490.0,2022,Monaco Grand Prix
23,49,MEDIUM,27.0,22.5,68.0,1003.2,False,29.8,211,1.5,01:10.419,4316,15,1,0,False,0,2271.337,-6463.0,-4791.0,489.0,2022,Monaco Grand Prix
23,49,MEDIUM,27.0,22.5,68.0,1003.2,False,29.8,211,1.5,01:10.596,4329,15,1,1,False,0,2272.067,-6469.0,-4792.0,490.0,2022,Monaco Grand Prix
23,49,MEDIUM,27.0,22.5,68.0,1003.2,False,29.8,211,1.5,01:10.779,4343,15,1,3,False,0,2272.837,-6476.0,-4791.0,490.0,2022,Monaco Grand Prix
23,49,MEDIUM,27.0,22.5,68.0,1003.2,False,29.8,211,1.5,01:10.796,4583,15,1,5,False,0,2272.911,-6477.0,-4792.0,490.0,2022,Monaco Grand Prix
23,49,MEDIUM,27.0,22.5,68.0,1003.2,False,29.8,211,1.5,01:11.056,4823,16,1,7,False,0,2274.119,-6489.0,-4793.0,490.0,2022,Monaco Grand Prix
23,49,MEDIUM,27.0,22.5,68.0,1003.2,False,29.8,211,1.5,01:11.098,5063,17,1,9,False,0,2274.344,-6490.0,-4793.0,490.0,2022,Monaco Grand Prix
23,49,MEDIUM,27.0,22.5,68.0,1003.2,False,29.8,211,1.5,01:11.356,5455,19,1,14,False,0,2275.954,-6504.0,-4794.0,490.0,2022,Monaco Grand Prix
23,49,MEDIUM,27.0,22.5,68.0,1003.2,False,29.8,211,1.5,01:11.516,5847,21,1,19,False,0,2277.111,-6525.0,-4796.0,490.0,2022,Monaco Grand Prix
23,49,MEDIUM,27.0,22.5,68.0,1003.2,False,29.8,211,1.5,01:11.538,6239,24,1,24,False,0,2277.277,-6527.0,-4796.0,490.0,2022,Monaco Grand Prix
23,49,MEDIUM,27.0,22.5,68.0,1003.2,False,29.8,211,1.5,01:11.698,6596,29,1,26,False,0,2278.566,-6537.0,-4797.0,490.0,2022,Monaco Grand Prix
23,49,MEDIUM,27.0,22.5,68.0,1003.2,False,29.8,211,1.5,01:11.916,6272,33,1,28,False,0,2280.749,-6549.0,-4799.0,490.0,2022,Monaco Grand Prix
23,49,MEDIUM,27.0,22.5,68.0,1003.2,False,29.8,211,1.5,01:12.018,5948,38,1,30,False,0,2281.944,-6560.0,-4800.0,489.0,2022,Monaco Grand Prix
23,49,MEDIUM,27.0,22.5,68.0,1003.2,False,29.8,211,1.5,01:12.156,6026,42,1,31,False,0,2283.733,-6577.0,-4803.0,490.0,2022,Monaco Grand Prix
23,49,MEDIUM,27.0,22.5,68.0,1003.2,False,29.8,211,1.5,01:12.316,6104,46,1,33,False,0,2286.05,-6594.0,-4806.0,491.0,2022,Monaco Grand Prix
23,49,MEDIUM,27.0,22.5,68.0,1003.2,False,29.8,211,1.5,01:12.338,6182,50,1,35,False,0,2286.388,-6596.0,-4806.0,491.0,2022,Monaco Grand Prix
23,49,MEDIUM,27.0,22.5,68.0,1003.2,False,29.8,211,1.5,01:12.556,6643,55,1,35,False,0,2289.981,-6633.0,-4815.0,491.0,2022,Monaco Grand Prix
23,49,MEDIUM,27.0,22.5,68.0,1003.2,False,29.8,211,1.5,01:12.618,7105,60,1,36,False,0,2291.055,-6643.0,-4817.0,490.0,2022,Monaco Grand Prix
23,49,MEDIUM,27.0,22.5,68.0,1003.2,False,29.8,211,1.5,01:12.816,7439,62,1,32,False,0,2294.603,-6675.0,-4828.0,490.0,2022,Monaco Grand Prix
23,49,MEDIUM,27.0,22.5,68.0,1003.2,False,29.8,211,1.5,01:12.858,7774,65,1,29,False,0,2295.388,-6681.0,-4830.0,490.0,2022,Monaco Grand Prix
23,49,MEDIUM,27.0,22.5,68.0,1003.2,False,29.8,211,1.5,01:13.036,7956,67,1,25,False,0,2298.865,-6711.0,-4843.0,491.0,2022,Monaco Grand Prix
23,49,MEDIUM,27.0,22.5,68.0,1003.2,False,29.8,211,1.5,01:13.216,8138,69,1,22,False,0,2302.532,-6759.0,-4871.0,490.0,2022,Monaco Grand Prix
23,49,MEDIUM,27.0,22.5,68.0,1003.2,False,29.8,211,1.5,01:13.258,8320,72,1,19,False,0,2303.388,-6768.0,-4876.0,489.0,2022,Monaco Grand Prix
23,49,MEDIUM,27.0,22.5,68.0,1003.2,False,29.8,211,1.5,01:13.498,8411,74,1,21,False,0,2308.322,-6795.0,-4895.0,489.0,2022,Monaco Grand Prix
23,49,MEDIUM,27.0,22.5,68.0,1003.2,False,29.8,211,1.5,01:13.675,8553,76,1,22,False,0,2312.118,-6815.0,-4913.0,489.0,2022,Monaco Grand Prix
23,49,MEDIUM,27.0,22.5,68.0,1003.2,False,29.8,211,1.5,01:13.858,8696,78,1,23,False,0,2316.122,-6846.0,-4941.0,488.0,2022,Monaco Grand Prix
23,49,MEDIUM,27.0,22.5,68.0,1003.2,False,29.8,211,1.5,01:13.915,8819,78,1,25,False,0,2317.367,-6856.0,-4951.0,488.0,2022,Monaco Grand Prix
23,49,MEDIUM,27.0,22.5,68.0,1003.2,False,29.8,211,1.5,01:14.075,8942,78,1,27,False,0,2320.877,-6880.0,-4977.0,488.0,2022,Monaco Grand Prix
23,49,MEDIUM,27.0,22.5,68.0,1003.2,False,29.8,211,1.5,01:14.098,9066,79,1,30,False,0,2321.388,-6884.0,-4982.0,487.0,2022,Monaco Grand Prix
23,49,MEDIUM,27.0,22.5,68.0,1003.2,False,29.8,211,1.5,01:14.295,9367,81,1,34,False,0,2325.847,-6931.0,-5037.0,487.0,2022,Monaco Grand Prix
23,49,MEDIUM,27.0,22.5,68.0,1003.2,False,29.8,211,1.5,01:14.498,9668,83,1,39,False,0,2330.611,-6951.0,-5062.0,486.0,2022,Monaco Grand Prix
23,49,MEDIUM,27.0,22.5,68.0,1003.2,False,29.8,211,1.5,01:14.656,10021,86,1,42,False,0,2334.45,-6964.0,-5080.0,486.0,2022,Monaco Grand Prix
23,49,MEDIUM,27.0,22.5,68.0,1003.2,False,29.8,211,1.5,01:14.858,10375,89,1,46,False,0,2339.511,-6991.0,-5121.0,486.0,2022,Monaco Grand Prix
23,49,MEDIUM,27.0,22.5,68.0,1003.2,False,29.8,211,1.5,01:14.876,10579,91,1,45,False,0,2339.969,-6994.0,-5125.0,486.0,2022,Monaco Grand Prix
23,49,MEDIUM,27.0,22.5,68.0,1003.2,False,29.8,211,1.5,01:15.018,10783,93,1,45,False,0,2343.644,-7012.0,-5154.0,484.0,2022,Monaco Grand Prix
23,49,MEDIUM,27.0,22.5,68.0,1003.2,False,29.8,211,1.5,01:15.056,10150,95,1,47,False,0,2344.658,-7018.0,-5164.0,484.0,2022,Monaco Grand Prix
23,49,MEDIUM,27.0,22.5,68.0,1003.2,False,29.8,211,1.5,01:15.376,9518,98,1,49,False,0,2353.685,-7072.0,-5266.0,483.0,2022,Monaco Grand Prix
23,49,MEDIUM,27.0,22.5,68.0,1003.2,False,29.8,211,1.5,01:15.378,8886,101,2,51,False,0,2353.744,-7072.0,-5266.0,482.0,2022,Monaco Grand Prix
23,49,MEDIUM,27.0,22.5,68.0,1003.2,False,29.8,211,1.5,01:15.578,9507,107,2,57,False,0,2359.688,-7094.0,-5317.0,482.0,2022,Monaco Grand Prix
23,49,MEDIUM,27.0,22.5,68.0,1003.2,False,29.8,211,1.5,01:15.738,9960,110,2,59,False,0,2364.577,-7109.0,-5355.0,482.0,2022,Monaco Grand Prix
23,49,MEDIUM,27.0,22.5,68.0,1003.2,False,29.8,211,1.5,01:15.776,10150,113,2,59,False,0,2365.784,-7113.0,-5366.0,483.0,2022,Monaco Grand Prix
23,49,MEDIUM,27.0,22.5,68.0,1003.2,False,29.8,211,1.5,01:15.856,10340,116,2,60,False,0,2368.394,-7122.0,-5390.0,483.0,2022,Monaco Grand Prix
23,49,MEDIUM,27.0,22.5,68.0,1003.2,False,29.8,211,1.5,01:15.979,10530,119,2,61,False,0,2372.544,-7138.0,-5443.0,483.0,2022,Monaco Grand Prix
23,49,MEDIUM,27.0,22.5,68.0,1003.2,False,29.8,211,1.5,01:16.156,10933,123,2,64,False,0,2378.736,-7161.0,-5528.0,483.0,2022,Monaco Grand Prix
23,49,MEDIUM,27.0,22.5,68.0,1003.2,False,29.8,211,1.5,01:16.299,11337,128,2,68,False,0,2383.921,-7171.0,-5571.0,482.0,2022,Monaco Grand Prix
23,49,MEDIUM,27.0,22.5,68.0,1003.2,False,29.8,211,1.5,01:16.556,10567,132,2,65,False,0,2393.637,-7182.0,-5629.0,482.0,2022,Monaco Grand Prix
23,49,MEDIUM,27.0,22.5,68.0,1003.2,False,29.8,211,1.5,01:16.619,9797,137,3,63,False,0,2396.099,-7185.0,-5649.0,481.0,2022,Monaco Grand Prix
23,49,MEDIUM,27.0,22.5,68.0,1003.2,False,29.8,211,1.5,01:16.696,10015,140,3,60,False,0,2399.153,-7191.0,-5682.0,482.0,2022,Monaco Grand Prix
23,49,MEDIUM,27.0,22.5,68.0,1003.2,False,29.8,211,1.5,01:16.936,10233,143,3,57,False,0,2408.924,-7210.0,-5834.0,482.0,2022,Monaco Grand Prix
23,49,MEDIUM,27.0,22.5,68.0,1003.2,False,29.8,211,1.5,01:17.019,10451,146,3,54,False,0,2412.321,-7214.0,-5879.0,481.0,2022,Monaco Grand Prix
23,49,MEDIUM,27.0,22.5,68.0,1003.2,False,29.8,211,1.5,01:17.219,10738,148,3,56,False,0,2420.544,-7218.0,-5960.0,481.0,2022,Monaco Grand Prix
23,49,MEDIUM,27.0,22.5,68.0,1003.2,False,29.8,211,1.5,01:17.376,10761,151,3,56,False,0,2427.193,-7220.0,-6012.0,482.0,2022,Monaco Grand Prix
23,49,MEDIUM,27.0,22.5,68.0,1003.2,False,29.8,211,1.5,01:17.579,10784,154,3,56,False,0,2435.944,-7219.0,-6072.0,481.0,2022,Monaco Grand Prix
23,49,MEDIUM,27.0,22.5,68.0,1003.2,False,29.8,211,1.5,01:17.858,9565,155,4,44,False,0,2447.956,-7213.0,-6161.0,481.0,2022,Monaco Grand Prix
23,49,MEDIUM,27.0,22.5,68.0,1003.2,False,29.8,211,1.5,01:17.876,9631,155,4,44,False,0,2448.735,-7213.0,-6169.0,482.0,2022,Monaco Grand Prix
23,49,MEDIUM,27.0,22.5,68.0,1003.2,False,29.8,211,1.5,01:17.896,9697,156,4,45,False,0,2449.602,-7212.0,-6177.0,482.0,2022,Monaco Grand Prix
23,49,MEDIUM,27.0,22.5,68.0,1003.2,False,29.8,211,1.5,01:18.218,9764,157,4,46,False,0,2463.656,-7181.0,-6307.0,481.0,2022,Monaco Grand Prix
23,49,MEDIUM,27.0,22.5,68.0,1003.2,False,29.8,211,1.5,01:18.276,9771,157,4,46,False,0,2466.2,-7168.0,-6333.0,481.0,2022,Monaco Grand Prix
23,49,MEDIUM,27.0,22.5,68.0,1003.2,False,29.8,211,1.5,01:18.378,9778,158,4,46,False,0,2470.678,-7136.0,-6379.0,480.0,2022,Monaco Grand Prix
23,49,MEDIUM,27.0,22.5,68.0,1003.2,False,29.8,211,1.5,01:18.538,9886,158,4,46,False,0,2477.701,-7069.0,-6455.0,480.0,2022,Monaco Grand Prix
23,49,MEDIUM,27.0,22.5,68.0,1003.2,False,29.8,211,1.5,01:18.696,9840,158,4,46,False,0,2484.663,-7019.0,-6513.0,480.0,2022,Monaco Grand Prix
23,49,MEDIUM,27.0,22.5,68.0,1003.2,False,29.8,211,1.5,01:18.858,9795,159,4,46,False,0,2491.834,-6996.0,-6548.0,480.0,2022,Monaco Grand Prix
23,49,MEDIUM,27.0,22.5,68.0,1003.2,False,29.8,211,1.5,01:18.996,9838,159,4,41,False,0,2497.967,-6984.0,-6583.0,481.0,2022,Monaco Grand Prix
23,49,MEDIUM,27.0,22.5,68.0,1003.2,False,29.8,211,1.5,01:19.018,9881,160,4,37,False,0,2498.945,-6981.0,-6590.0,480.0,2022,Monaco Grand Prix
23,49,MEDIUM,27.0,22.5,68.0,1003.2,False,29.8,211,1.5,01:19.196,9925,160,4,35,False,0,2506.863,-6953.0,-6668.0,480.0,2022,Monaco Grand Prix
23,49,MEDIUM,27.0,22.5,68.0,1003.2,False,29.8,211,1.5,01:19.298,9969,160,4,34,False,0,2511.389,-6938.0,-6708.0,479.0,2022,Monaco Grand Prix
23,49,MEDIUM,27.0,22.5,68.0,1003.2,False,29.8,211,1.5,01:19.356,9833,159,4,34,False,0,2513.957,-6931.0,-6732.0,480.0,2022,Monaco Grand Prix
23,49,MEDIUM,27.0,22.5,68.0,1003.2,False,29.8,211,1.5,01:19.498,9698,159,4,35,False,0,2520.223,-6910.0,-6794.0,480.0,2022,Monaco Grand Prix
23,49,MEDIUM,27.0,22.5,68.0,1003.2,False,29.8,211,1.5,01:19.556,9719,158,4,35,False,0,2522.772,-6903.0,-6820.0,480.0,2022,Monaco Grand Prix
23,49,MEDIUM,27.0,22.5,68.0,1003.2,False,29.8,211,1.5,01:19.698,9741,158,4,36,False,0,2529.001,-6886.0,-6877.0,479.0,2022,Monaco Grand Prix
23,49,MEDIUM,27.0,22.5,68.0,1003.2,False,29.8,211,1.5,01:19.855,9741,158,4,36,False,0,2535.895,-6869.0,-6939.0,479.0,2022,Monaco Grand Prix
23,49,MEDIUM,27.0,22.5,68.0,1003.2,False,29.8,211,1.5,01:19.978,9741,158,4,36,False,0,2541.289,-6854.0,-6990.0,478.0,2022,Monaco Grand Prix
23,49,MEDIUM,27.0,22.5,68.0,1003.2,False,29.8,211,1.5,01:20.135,9591,157,4,18,False,0,2548.148,-6836.0,-7066.0,479.0,2022,Monaco Grand Prix
23,49,MEDIUM,27.0,22.5,68.0,1003.2,False,29.8,211,1.5,01:20.258,9441,156,4,0,True,0,2553.423,-6820.0,-7137.0,479.0,2022,Monaco Grand Prix
23,49,MEDIUM,27.0,22.5,68.0,1003.2,False,29.8,211,1.5,01:20.355,9011,151,4,0,True,0,2557.483,-6809.0,-7191.0,479.0,2022,Monaco Grand Prix
23,49,MEDIUM,27.0,22.5,68.0,1003.2,False,29.8,211,1.5,01:20.538,8582,147,4,0,True,0,2564.856,-6794.0,-7263.0,478.0,2022,Monaco Grand Prix
23,49,MEDIUM,27.0,22.5,68.0,1003.2,False,29.8,211,1.5,01:20.698,9250,137,4,0,True,0,2570.945,-6787.0,-7310.0,478.0,2022,Monaco Grand Prix
23,49,MEDIUM,27.0,22.5,68.0,1003.2,False,29.8,211,1.5,01:20.755,9082,134,4,0,True,0,2573.065,-6785.0,-7329.0,479.0,2022,Monaco Grand Prix
23,49,MEDIUM,27.0,22.5,68.0,1003.2,False,29.8,211,1.5,01:20.858,8915,132,3,0,True,0,2576.812,-6780.0,-7364.0,479.0,2022,Monaco Grand Prix
23,49,MEDIUM,27.0,22.5,68.0,1003.2,False,29.8,211,1.5,01:20.935,8676,128,3,0,True,0,2579.508,-6777.0,-7392.0,479.0,2022,Monaco Grand Prix
23,49,MEDIUM,27.0,22.5,68.0,1003.2,False,29.8,211,1.5,01:21.096,8437,124,3,0,True,0,2584.871,-6770.0,-7446.0,479.0,2022,Monaco Grand Prix
23,49,MEDIUM,27.0,22.5,68.0,1003.2,False,29.8,211,1.5,01:21.138,8199,121,3,0,True,0,2586.223,-6768.0,-7459.0,479.0,2022,Monaco Grand Prix
23,49,MEDIUM,27.0,22.5,68.0,1003.2,False,29.8,211,1.5,01:21.396,8616,114,3,0,True,0,2594.116,-6759.0,-7543.0,479.0,2022,Monaco Grand Prix
23,49,MEDIUM,27.0,22.5,68.0,1003.2,False,29.8,211,1.5,01:21.578,9034,108,2,0,True,0,2599.423,-6752.0,-7621.0,478.0,2022,Monaco Grand Prix
23,49,MEDIUM,27.0,22.5,68.0,1003.2,False,29.8,211,1.5,01:21.596,8856,105,2,0,True,0,2599.941,-6752.0,-7628.0,479.0,2022,Monaco Grand Prix
23,49,MEDIUM,27.0,22.5,68.0,1003.2,False,29.8,211,1.5,01:21.836,8678,103,2,0,True,0,2606.75,-6749.0,-7674.0,479.0,2022,Monaco Grand Prix
23,49,MEDIUM,27.0,22.5,68.0,1003.2,False,29.8,211,1.5,01:22.018,8501,101,2,0,True,0,2611.767,-6746.0,-7723.0,478.0,2022,Monaco Grand Prix
23,49,MEDIUM,27.0,22.5,68.0,1003.2,False,29.8,211,1.5,01:22.076,8393,99,2,0,True,0,2613.338,-6746.0,-7741.0,479.0,2022,Monaco Grand Prix
23,49,MEDIUM,27.0,22.5,68.0,1003.2,False,29.8,211,1.5,01:22.316,8285,97,2,0,True,0,2619.721,-6747.0,-7807.0,479.0,2022,Monaco Grand Prix
23,49,MEDIUM,27.0,22.5,68.0,1003.2,False,29.8,211,1.5,01:22.418,8177,96,2,0,False,0,2622.434,-6748.0,-7831.0,478.0,2022,Monaco Grand Prix
23,49,MEDIUM,27.0,22.5,68.0,1003.2,False,29.8,211,1.5,01:22.556,8117,96,2,0,False,0,2626.123,-6752.0,-7864.0,479.0,2022,Monaco Grand Prix
23,49,MEDIUM,27.0,22.5,68.0,1003.2,False,29.8,211,1.5,01:22.619,8057,96,2,0,False,0,2627.794,-6754.0,-7880.0,479.0,2022,Monaco Grand Prix
23,49,MEDIUM,27.0,22.5,68.0,1003.2,False,29.8,211,1.5,01:22.756,8012,94,2,0,False,0,2631.371,-6765.0,-7917.0,479.0,2022,Monaco Grand Prix
23,49,MEDIUM,27.0,22.5,68.0,1003.2,False,29.8,211,1.5,01:22.979,7968,93,2,0,False,0,2637.094,-6809.0,-7973.0,478.0,2022,Monaco Grand Prix
23,49,MEDIUM,27.0,22.5,68.0,1003.2,False,29.8,211,1.5,01:23.056,7890,92,2,0,False,0,2639.068,-6824.0,-7988.0,479.0,2022,Monaco Grand Prix
23,49,MEDIUM,27.0,22.5,68.0,1003.2,False,29.8,211,1.5,01:23.259,7812,92,2,1,False,0,2644.249,-6853.0,-8012.0,479.0,2022,Monaco Grand Prix
23,49,MEDIUM,27.0,22.5,68.0,1003.2,False,29.8,211,1.5,01:23.296,7723,91,2,0,False,0,2645.184,-6858.0,-8018.0,480.0,2022,Monaco Grand Prix
23,49,MEDIUM,27.0,22.5,68.0,1003.2,False,29.8,211,1.5,01:23.516,7634,90,2,0,False,0,2650.684,-6884.0,-8064.0,479.0,2022,Monaco Grand Prix
23,49,MEDIUM,27.0,22.5,68.0,1003.2,False,29.8,211,1.5,01:23.579,7545,90,2,0,False,0,2652.249,-6888.0,-8078.0,478.0,2022,Monaco Grand Prix
23,49,MEDIUM,27.0,22.5,68.0,1003.2,False,29.8,211,1.5,01:23.716,7545,89,2,0,False,0,2655.64,-6894.0,-8113.0,479.0,2022,Monaco Grand Prix
23,49,MEDIUM,27.0,22.5,68.0,1003.2,False,29.8,211,1.5,01:23.739,7545,89,2,0,False,0,2656.205,-6894.0,-8119.0,478.0,2022,Monaco Grand Prix
23,49,MEDIUM,27.0,22.5,68.0,1003.2,False,29.8,211,1.5,01:24.056,7624,88,2,6,False,0,2663.866,-6894.0,-8218.0,478.0,2022,Monaco Grand Prix
23,49,MEDIUM,27.0,22.5,68.0,1003.2,False,29.8,211,1.5,01:24.059,7704,87,2,13,False,0,2663.938,-6893.0,-8218.0,477.0,2022,Monaco Grand Prix
23,49,MEDIUM,27.0,22.5,68.0,1003.2,False,29.8,211,1.5,01:24.219,7855,88,2,29,False,0,2667.849,-6891.0,-8250.0,478.0,2022,Monaco Grand Prix
23,49,MEDIUM,27.0,22.5,68.0,1003.2,False,29.8,211,1.5,01:24.376,7977,89,2,35,False,0,2671.817,-6887.0,-8277.0,478.0,2022,Monaco Grand Prix
23,49,MEDIUM,27.0,22.5,68.0,1003.2,False,29.8,211,1.5,01:24.379,8099,91,2,41,False,0,2671.894,-6886.0,-8277.0,477.0,2022,Monaco Grand Prix
23,49,MEDIUM,27.0,22.5,68.0,1003.2,False,29.8,211,1.5,01:24.578,8348,95,2,46,False,0,2677.145,-6879.0,-8323.0,477.0,2022,Monaco Grand Prix
23,49,MEDIUM,27.0,22.5,68.0,1003.2,False,29.8,211,1.5,01:24.676,8635,97,2,47,False,0,2679.829,-6872.0,-8356.0,477.0,2022,Monaco Grand Prix
23,49,MEDIUM,27.0,22.5,68.0,1003.2,False,29.8,211,1.5,01:24.818,8923,100,2,49,False,0,2683.812,-6856.0,-8416.0,477.0,2022,Monaco Grand Prix
23,49,MEDIUM,27.0,22.5,68.0,1003.2,False,29.8,211,1.5,01:24.876,9186,102,2,52,False,0,2685.46,-6851.0,-8438.0,477.0,2022,Monaco Grand Prix
23,49,MEDIUM,27.0,22.5,68.0,1003.2,False,29.8,211,1.5,01:25.058,9450,104,2,55,False,0,2690.745,-6838.0,-8479.0,476.0,2022,Monaco Grand Prix
23,49,MEDIUM,27.0,22.5,68.0,1003.2,False,29.8,211,1.5,01:25.218,9837,110,2,56,False,0,2695.634,-6828.0,-8508.0,476.0,2022,Monaco Grand Prix
23,49,MEDIUM,27.0,22.5,68.0,1003.2,False,29.8,211,1.5,01:25.236,10136,113,2,57,False,0,2696.204,-6827.0,-8513.0,476.0,2022,Monaco Grand Prix
23,49,MEDIUM,27.0,22.5,68.0,1003.2,False,29.8,211,1.5,01:25.416,10435,117,2,58,False,0,2702.137,-6807.0,-8567.0,476.0,2022,Monaco Grand Prix
23,49,MEDIUM,27.0,22.5,68.0,1003.2,False,29.8,211,1.5,01:25.618,10734,121,2,60,False,0,2709.079,-6782.0,-8628.0,476.0,2022,Monaco Grand Prix
23,49,MEDIUM,27.0,22.5,68.0,1003.2,False,29.8,211,1.5,01:25.676,10689,122,2,52,False,0,2711.085,-6774.0,-8647.0,477.0,2022,Monaco Grand Prix
23,49,MEDIUM,27.0,22.5,68.0,1003.2,False,29.8,211,1.5,01:25.736,10645,123,2,45,False,0,2713.167,-6765.0,-8666.0,477.0,2022,Monaco Grand Prix
23,49,MEDIUM,27.0,22.5,68.0,1003.2,False,29.8,211,1.5,01:26.016,10601,124,2,38,False,0,2722.898,-6721.0,-8752.0,478.0,2022,Monaco Grand Prix
23,49,MEDIUM,27.0,22.5,68.0,1003.2,False,29.8,211,1.5,01:26.018,10557,125,2,31,True,0,2722.967,-6720.0,-8752.0,478.0,2022,Monaco Grand Prix
23,49,MEDIUM,27.0,22.5,68.0,1003.2,False,29.8,211,1.5,01:26.236,10250,123,2,15,True,0,2730.441,-6685.0,-8814.0,478.0,2022,Monaco Grand Prix
23,49,MEDIUM,27.0,22.5,68.0,1003.2,False,29.8,211,1.5,01:26.338,9943,122,2,0,True,0,2733.812,-6664.0,-8846.0,477.0,2022,Monaco Grand Prix
23,49,MEDIUM,27.0,22.5,68.0,1003.2,False,29.8,211,1.5,01:26.455,9771,118,2,0,True,0,2737.535,-6644.0,-8877.0,478.0,2022,Monaco Grand Prix
23,49,MEDIUM,27.0,22.5,68.0,1003.2,False,29.8,211,1.5,01:26.675,9599,114,2,0,True,0,2744.187,-6628.0,-8900.0,478.0,2022,Monaco Grand Prix
23,49,MEDIUM,27.0,22.5,68.0,1003.2,False,29.8,211,1.5,01:26.778,9428,110,2,0,True,0,2747.256,-6610.0,-8923.0,477.0,2022,Monaco Grand Prix
23,49,MEDIUM,27.0,22.5,68.0,1003.2,False,29.8,211,1.5,01:26.875,9374,108,2,0,True,0,2750.134,-6591.0,-8949.0,477.0,2022,Monaco Grand Prix
23,49,MEDIUM,27.0,22.5,68.0,1003.2,False,29.8,211,1.5,01:27.018,9320,106,2,0,True,0,2754.323,-6564.0,-8981.0,476.0,2022,Monaco Grand Prix
23,49,MEDIUM,27.0,22.5,68.0,1003.2,False,29.8,211,1.5,01:27.055,8798,103,2,0,True,0,2755.388,-6557.0,-8990.0,477.0,2022,Monaco Grand Prix
23,49,MEDIUM,27.0,22.5,68.0,1003.2,False,29.8,211,1.5,01:27.378,8277,100,2,0,True,0,2764.323,-6478.0,-9074.0,477.0,2022,Monaco Grand Prix
23,49,MEDIUM,27.0,22.5,68.0,1003.2,False,29.8,211,1.5,01:27.395,7949,95,2,0,True,0,2764.773,-6475.0,-9078.0,478.0,2022,Monaco Grand Prix
23,49,MEDIUM,27.0,22.5,68.0,1003.2,False,29.8,211,1.5,01:27.738,7622,91,2,0,True,0,2773.423,-6427.0,-9123.0,478.0,2022,Monaco Grand Prix
23,49,MEDIUM,27.0,22.5,68.0,1003.2,False,29.8,211,1.5,01:27.756,7441,88,2,0,True,0,2773.857,-6425.0,-9126.0,478.0,2022,Monaco Grand Prix
23,49,MEDIUM,27.0,22.5,68.0,1003.2,False,29.8,211,1.5,01:27.916,7260,86,2,0,True,0,2777.625,-6396.0,-9152.0,478.0,2022,Monaco Grand Prix
23,49,MEDIUM,27.0,22.5,68.0,1003.2,False,29.8,211,1.5,01:28.018,7079,84,2,0,True,0,2779.956,-6369.0,-9174.0,478.0,2022,Monaco Grand Prix
23,49,MEDIUM,27.0,22.5,68.0,1003.2,False,29.8,211,1.5,01:28.196,7654,81,2,0,True,0,2783.905,-6323.0,-9213.0,479.0,2022,Monaco Grand Prix
23,49,MEDIUM,27.0,22.5,68.0,1003.2,False,29.8,211,1.5,01:28.298,8229,79,2,0,True,0,2786.101,-6306.0,-9226.0,478.0,2022,Monaco Grand Prix
23,49,MEDIUM,27.0,22.5,68.0,1003.2,False,29.8,211,1.5,01:28.576,8218,76,2,0,True,0,2791.852,-6283.0,-9244.0,477.0,2022,Monaco Grand Prix
23,49,MEDIUM,27.0,22.5,68.0,1003.2,False,29.8,211,1.5,01:28.658,8208,74,1,0,True,0,2793.501,-6271.0,-9252.0,477.0,2022,Monaco Grand Prix
23,49,MEDIUM,27.0,22.5,68.0,1003.2,False,29.8,211,1.5,01:28.736,8014,72,1,0,True,0,2795.053,-6260.0,-9261.0,478.0,2022,Monaco Grand Prix
23,49,MEDIUM,27.0,22.5,68.0,1003.2,False,29.8,211,1.5,01:28.858,7821,71,1,0,True,0,2797.445,-6239.0,-9275.0,478.0,2022,Monaco Grand Prix
23,49,MEDIUM,27.0,22.5,68.0,1003.2,False,29.8,211,1.5,01:29.059,7711,69,1,0,False,0,2801.298,-6205.0,-9301.0,479.0,2022,Monaco Grand Prix
23,49,MEDIUM,27.0,22.5,68.0,1003.2,False,29.8,211,1.5,01:29.076,7602,68,1,0,False,0,2801.622,-6203.0,-9303.0,480.0,2022,Monaco Grand Prix
23,49,MEDIUM,27.0,22.5,68.0,1003.2,False,29.8,211,1.5,01:29.276,7493,68,1,0,False,0,2805.427,-6172.0,-9325.0,481.0,2022,Monaco Grand Prix
23,49,MEDIUM,27.0,22.5,68.0,1003.2,False,29.8,211,1.5,01:29.379,7384,68,1,0,True,0,2807.342,-6156.0,-9336.0,480.0,2022,Monaco Grand Prix
23,49,MEDIUM,27.0,22.5,68.0,1003.2,False,29.8,211,1.5,01:29.456,7262,66,1,0,True,0,2808.745,-6144.0,-9345.0,481.0,2022,Monaco Grand Prix
23,49,MEDIUM,27.0,22.5,68.0,1003.2,False,29.8,211,1.5,01:29.699,7141,64,1,0,True,0,2813.031,-6099.0,-9376.0,481.0,2022,Monaco Grand Prix
23,49,MEDIUM,27.0,22.5,68.0,1003.2,False,29.8,211,1.5,01:29.716,7035,63,1,0,True,0,2813.325,-6097.0,-9378.0,482.0,2022,Monaco Grand Prix
23,49,MEDIUM,27.0,22.5,68.0,1003.2,False,29.8,211,1.5,01:29.976,6930,62,1,0,True,0,2817.736,-6071.0,-9397.0,482.0,2022,Monaco Grand Prix
23,49,MEDIUM,27.0,22.5,68.0,1003.2,False,29.8,211,1.5,01:30.019,6825,61,1,0,False,0,2818.453,-6065.0,-9401.0,482.0,2022,Monaco Grand Prix
23,49,MEDIUM,27.0,22.5,68.0,1003.2,False,29.8,211,1.5,01:30.156,6667,60,1,0,False,0,2820.715,-6046.0,-9416.0,483.0,2022,Monaco Grand Prix
23,49,MEDIUM,27.0,22.5,68.0,1003.2,False,29.8,211,1.5,01:30.259,6509,59,1,0,True,0,2822.387,-6032.0,-9426.0,483.0,2022,Monaco Grand Prix
23,49,MEDIUM,27.0,22.5,68.0,1003.2,False,29.8,211,1.5,01:30.419,6238,57,1,0,True,0,2824.92,-6013.0,-9441.0,483.0,2022,Monaco Grand Prix
23,49,MEDIUM,27.0,22.5,68.0,1003.2,False,29.8,211,1.5,01:30.476,6230,56,1,0,True,0,2825.799,-6006.0,-9448.0,484.0,2022,Monaco Grand Prix
23,49,MEDIUM,27.0,22.5,68.0,1003.2,False,29.8,211,1.5,01:30.579,6223,55,1,0,False,0,2827.364,-5990.0,-9462.0,484.0,2022,Monaco Grand Prix
23,49,MEDIUM,27.0,22.5,68.0,1003.2,False,29.8,211,1.5,01:30.716,6066,54,1,0,False,0,2829.428,-5971.0,-9481.0,484.0,2022,Monaco Grand Prix
23,49,MEDIUM,27.0,22.5,68.0,1003.2,False,29.8,211,1.5,01:30.819,5910,54,1,0,False,0,2830.964,-5961.0,-9490.0,483.0,2022,Monaco Grand Prix
23,49,MEDIUM,27.0,22.5,68.0,1003.2,False,29.8,211,1.5,01:30.996,5953,53,1,1,False,0,2833.572,-5951.0,-9503.0,484.0,2022,Monaco Grand Prix
23,49,MEDIUM,27.0,22.5,68.0,1003.2,False,29.8,211,1.5,01:31.099,5997,53,1,3,False,0,2835.087,-5942.0,-9512.0,484.0,2022,Monaco Grand Prix
23,49,MEDIUM,27.0,22.5,68.0,1003.2,False,29.8,211,1.5,01:31.216,6006,53,1,4,False,0,2836.813,-5935.0,-9528.0,485.0,2022,Monaco Grand Prix
23,49,MEDIUM,27.0,22.5,68.0,1003.2,False,29.8,211,1.5,01:31.338,6016,53,1,5,False,0,2838.605,-5932.0,-9549.0,485.0,2022,Monaco Grand Prix
23,49,MEDIUM,27.0,22.5,68.0,1003.2,False,29.8,211,1.5,01:31.596,5927,52,1,2,False,0,2842.316,-5937.0,-9595.0,487.0,2022,Monaco Grand Prix
23,49,MEDIUM,27.0,22.5,68.0,1003.2,False,29.8,211,1.5,01:31.818,5838,51,1,0,False,0,2845.405,-5943.0,-9605.0,487.0,2022,Monaco Grand Prix
23,49,MEDIUM,27.0,22.5,68.0,1003.2,False,29.8,211,1.5,01:31.836,5627,50,1,0,False,0,2845.651,-5945.0,-9607.0,487.0,2022,Monaco Grand Prix
23,49,MEDIUM,27.0,22.5,68.0,1003.2,False,29.8,211,1.5,01:32.096,5416,49,1,0,False,0,2849.126,-5972.0,-9632.0,487.0,2022,Monaco Grand Prix
23,49,MEDIUM,27.0,22.5,68.0,1003.2,False,29.8,211,1.5,01:32.178,5205,48,1,0,False,0,2850.205,-5981.0,-9639.0,487.0,2022,Monaco Grand Prix
23,49,MEDIUM,27.0,22.5,68.0,1003.2,False,29.8,211,1.5,01:32.316,5435,47,1,2,False,0,2852.012,-5997.0,-9649.0,488.0,2022,Monaco Grand Prix
23,49,MEDIUM,27.0,22.5,68.0,1003.2,False,29.8,211,1.5,01:32.418,5666,47,1,5,False,0,2853.339,-6007.0,-9655.0,488.0,2022,Monaco Grand Prix
23,49,MEDIUM,27.0,22.5,68.0,1003.2,False,29.8,211,1.5,01:32.556,5790,47,1,7,False,0,2855.123,-6023.0,-9665.0,490.0,2022,Monaco Grand Prix
23,49,MEDIUM,27.0,22.5,68.0,1003.2,False,29.8,211,1.5,01:32.738,5915,47,1,10,False,0,2857.516,-6044.0,-9679.0,491.0,2022,Monaco Grand Prix
23,49,MEDIUM,27.0,22.5,68.0,1003.2,False,29.8,211,1.5,01:32.856,6192,49,1,12,False,0,2859.14,-6058.0,-9688.0,492.0,2022,Monaco Grand Prix
23,49,MEDIUM,27.0,22.5,68.0,1003.2,False,29.8,211,1.5,01:33.018,6469,51,1,14,False,0,2861.483,-6076.0,-9698.0,493.0,2022,Monaco Grand Prix
23,49,MEDIUM,27.0,22.5,68.0,1003.2,False,29.8,211,1.5,01:33.035,6777,53,1,16,False,0,2861.739,-6079.0,-9700.0,494.0,2022,Monaco Grand Prix
23,49,MEDIUM,27.0,22.5,68.0,1003.2,False,29.8,211,1.5,01:33.235,7085,55,1,18,False,0,2864.875,-6126.0,-9718.0,496.0,2022,Monaco Grand Prix
23,49,MEDIUM,27.0,22.5,68.0,1003.2,False,29.8,211,1.5,01:33.338,7394,57,1,20,False,0,2866.55,-6138.0,-9722.0,496.0,2022,Monaco Grand Prix
23,49,MEDIUM,27.0,22.5,68.0,1003.2,False,29.8,211,1.5,01:33.555,7192,59,1,21,False,0,2870.166,-6157.0,-9726.0,498.0,2022,Monaco Grand Prix
23,49,MEDIUM,27.0,22.5,68.0,1003.2,False,29.8,211,1.5,01:33.698,6991,61,1,22,False,0,2872.65,-6203.0,-9736.0,499.0,2022,Monaco Grand Prix
23,49,MEDIUM,27.0,22.5,68.0,1003.2,False,29.8,211,1.5,01:33.835,6939,63,1,11,False,0,2875.123,-6250.0,-9746.0,502.0,2022,Monaco Grand Prix
23,49,MEDIUM,27.0,22.5,68.0,1003.2,False,29.8,211,1.5,01:34.018,6888,65,1,0,True,0,2878.428,-6283.0,-9750.0,503.0,2022,Monaco Grand Prix
23,49,MEDIUM,27.0,22.5,68.0,1003.2,False,29.8,211,1.5,01:34.035,6849,63,1,0,True,0,2878.724,-6286.0,-9751.0,504.0,2022,Monaco Grand Prix
23,49,MEDIUM,27.0,22.5,68.0,1003.2,False,29.8,211,1.5,01:34.135,6810,62,1,0,True,0,2880.433,-6301.0,-9753.0,505.0,2022,Monaco Grand Prix
23,49,MEDIUM,27.0,22.5,68.0,1003.2,False,29.8,211,1.5,01:34.298,6772,61,1,0,True,0,2883.172,-6328.0,-9756.0,506.0,2022,Monaco Grand Prix
23,49,MEDIUM,27.0,22.5,68.0,1003.2,False,29.8,211,1.5,01:34.458,6424,61,1,0,True,0,2885.883,-6357.0,-9759.0,507.0,2022,Monaco Grand Prix
23,49,MEDIUM,27.0,22.5,68.0,1003.2,False,29.8,211,1.5,01:34.476,6127,58,1,0,True,0,2886.175,-6360.0,-9760.0,508.0,2022,Monaco Grand Prix
23,49,MEDIUM,27.0,22.5,68.0,1003.2,False,29.8,211,1.5,01:34.676,5831,55,1,0,True,0,2889.171,-6391.0,-9763.0,510.0,2022,Monaco Grand Prix
23,49,MEDIUM,27.0,22.5,68.0,1003.2,False,29.8,211,1.5,01:34.898,5535,52,1,0,True,0,2892.239,-6423.0,-9764.0,510.0,2022,Monaco Grand Prix
23,49,MEDIUM,27.0,22.5,68.0,1003.2,False,29.8,211,1.5,01:34.936,5420,51,1,0,True,0,2892.764,-6429.0,-9765.0,511.0,2022,Monaco Grand Prix
23,49,MEDIUM,27.0,22.5,68.0,1003.2,False,29.8,211,1.5,01:35.116,5305,50,1,0,True,0,2895.217,-6452.0,-9766.0,512.0,2022,Monaco Grand Prix
23,49,MEDIUM,27.0,22.5,68.0,1003.2,False,29.8,211,1.5,01:35.138,5191,49,1,0,True,0,2895.505,-6454.0,-9766.0,512.0,2022,Monaco Grand Prix
23,49,MEDIUM,27.0,22.5,68.0,1003.2,False,29.8,211,1.5,01:35.336,5093,47,1,0,True,0,2897.981,-6481.0,-9767.0,514.0,2022,Monaco Grand Prix
23,49,MEDIUM,27.0,22.5,68.0,1003.2,False,29.8,211,1.5,01:35.338,4995,45,1,0,False,0,2898.005,-6481.0,-9767.0,514.0,2022,Monaco Grand Prix
23,49,MEDIUM,27.0,22.5,68.0,1003.2,False,29.8,211,1.5,01:35.496,4905,44,1,0,False,0,2899.947,-6518.0,-9766.0,515.0,2022,Monaco Grand Prix
23,49,MEDIUM,27.0,22.5,68.0,1003.2,False,29.8,211,1.5,01:35.619,4816,44,1,0,False,0,2901.44,-6484.0,-9751.0,515.0,2022,Monaco Grand Prix
23,49,MEDIUM,27.0,22.5,68.0,1003.2,False,29.8,211,1.5,01:35.859,5236,43,1,8,False,0,2904.306,-6356.0,-9712.0,515.0,2022,Monaco Grand Prix
23,49,MEDIUM,27.0,22.5,68.0,1003.2,False,29.8,211,1.5,01:35.876,5408,43,1,8,False,0,2904.513,-6355.0,-9711.0,516.0,2022,Monaco Grand Prix
23,49,MEDIUM,27.0,22.5,68.0,1003.2,False,29.8,211,1.5,01:35.996,5580,44,1,8,False,0,2905.998,-6370.0,-9708.0,516.0,2022,Monaco Grand Prix
23,49,MEDIUM,27.0,22.5,68.0,1003.2,False,29.8,211,1.5,01:36.099,5753,45,1,9,False,0,2907.306,-6383.0,-9705.0,515.0,2022,Monaco Grand Prix
23,49,MEDIUM,27.0,22.5,68.0,1003.2,False,29.8,211,1.5,01:36.236,5872,46,1,11,False,0,2909.098,-6396.0,-9699.0,516.0,2022,Monaco Grand Prix
23,49,MEDIUM,27.0,22.5,68.0,1003.2,False,29.8,211,1.5,01:36.416,5991,47,1,13,False,0,2911.541,-6412.0,-9684.0,516.0,2022,Monaco Grand Prix
23,49,MEDIUM,27.0,22.5,68.0,1003.2,False,29.8,211,1.5,01:36.429,6051,48,1,14,False,0,2911.721,-6413.0,-9682.0,515.0,2022,Monaco Grand Prix
